#Res        AtomicFlx
   1.000       0.6744
   2.000       0.5946
   3.000       0.8488
   4.000       0.9075
   5.000       0.7073
   6.000       0.5258
   7.000       0.5214
   8.000       0.5976
   9.000       0.5473
  10.000       0.5824
  11.000       0.6939
  12.000       0.7072
  13.000       0.7156
  14.000       0.7595
  15.000       0.6565
  16.000       0.5670
  17.000       0.7061
  18.000       0.8221
  19.000       0.7501
  20.000       0.5725
  21.000       0.4480
  22.000       0.4432
  23.000       0.4854
  24.000       0.6983
  25.000       0.7196
  26.000       0.7575
  27.000       0.7143
  28.000       0.7957
  29.000       0.7374
  30.000       0.6360
  31.000       0.6010
  32.000       0.4665
  33.000       0.3722
  34.000       0.3162
  35.000       0.3052
  36.000       0.3241
  37.000       0.3231
  38.000       0.3435
  39.000       0.3897
  40.000       0.4356
  41.000       0.4497
  42.000       0.4246
  43.000       0.4193
  44.000       0.4584
  45.000       0.4547
  46.000       0.4429
  47.000       0.3905
  48.000       0.3460
  49.000       0.3941
  50.000       0.4463
  51.000       0.3852
  52.000       0.3602
  53.000       0.3482
  54.000       0.3981
  55.000       0.4053
  56.000       0.4065
  57.000       0.4770
  58.000       0.5830
  59.000       0.5857
  60.000       0.5927
  61.000       0.4547
  62.000       0.3972
  63.000       0.3439
  64.000       0.3124
  65.000       0.3780
  66.000       0.4245
  67.000       0.4996
  68.000       0.4457
  69.000       0.4832
  70.000       0.4417
  71.000       0.4434
  72.000       0.4031
  73.000       0.3557
  74.000       0.3855
  75.000       0.3416
  76.000       0.3184
  77.000       0.3316
  78.000       0.3566
  79.000       0.3386
  80.000       0.3223
  81.000       0.3292
  82.000       0.3323
  83.000       0.3277
  84.000       0.3450
  85.000       0.3665
  86.000       0.3467
  87.000       0.3535
  88.000       0.4252
  89.000       0.4081
  90.000       0.3763
  91.000       0.4040
  92.000       0.4988
  93.000       0.5226
  94.000       0.5143
  95.000       0.5981
  96.000       0.6016
  97.000       0.5687
  98.000       0.4335
  99.000       0.4064
 100.000       0.3393
 101.000       0.3423
 102.000       0.3059
 103.000       0.2957
 104.000       0.3043
 105.000       0.3095
 106.000       0.3030
 107.000       0.3231
 108.000       0.3438
 109.000       0.3405
 110.000       0.3080
 111.000       0.3040
 112.000       0.3163
 113.000       0.3208
 114.000       0.3284
 115.000       0.3355
 116.000       0.3429
 117.000       0.3548
 118.000       0.3762
 119.000       0.4388
 120.000       0.4717
 121.000       0.4143
 122.000       0.4405
 123.000       0.4887
 124.000       0.3945
 125.000       0.3876
 126.000       0.3763
 127.000       0.3584
 128.000       0.3416
 129.000       0.3190
 130.000       0.3121
 131.000       0.3073
 132.000       0.3532
 133.000       0.3600
 134.000       0.3747
 135.000       0.3862
 136.000       0.4275
 137.000       0.4202
 138.000       0.4345
 139.000       0.6062
 140.000       0.6539
 141.000       0.6479
 142.000       0.8027
 143.000       0.9895
 144.000       0.9612
 145.000       0.9154
 146.000       1.0810
 147.000       1.2699
 148.000       1.3922
 149.000       1.0563
 150.000       0.6374
 151.000       0.4903
 152.000       0.4002
 153.000       0.3526
 154.000       0.3537
 155.000       0.3485
 156.000       0.3354
 157.000       0.3738
 158.000       0.4468
 159.000       0.5219
 160.000       0.5170
 161.000       0.4102
 162.000       0.3744
 163.000       0.3414
 164.000       0.3718
 165.000       0.3902
 166.000       0.3774
 167.000       0.3833
 168.000       0.4205
 169.000       0.4262
 170.000       0.4333
 171.000       0.5112
 172.000       0.4532
 173.000       0.4331
 174.000       0.4586
 175.000       0.4891
 176.000       0.4305
 177.000       0.3754
 178.000       0.3721
 179.000       0.3380
 180.000       0.2969
 181.000       0.2970
 182.000       0.3247
 183.000       0.3459
 184.000       0.4118
 185.000       0.4880
 186.000       0.5853
 187.000       0.5939
 188.000       0.6762
 189.000       0.6366
 190.000       0.5800
 191.000       0.4879
 192.000       0.4647
 193.000       0.4704
 194.000       0.6430
 195.000       0.7555
 196.000       0.7826
 197.000       0.6394
 198.000       0.5763
 199.000       0.5901
 200.000       0.4365
 201.000       0.3708
 202.000       0.3501
 203.000       0.3822
 204.000       0.3778
 205.000       0.4395
 206.000       0.5118
 207.000       0.4974
 208.000       0.3746
 209.000       0.3603
 210.000       0.3705
 211.000       0.4034
 212.000       0.4251
 213.000       0.4567
 214.000       0.5043
 215.000       0.5172
 216.000       0.5199
 217.000       0.6462
 218.000       0.8208
 219.000       0.9526
 220.000       0.6766
 221.000       0.5889
 222.000       0.5159
 223.000       0.5105
 224.000       0.5456
 225.000       0.5407
 226.000       0.4507
 227.000       0.3714
 228.000       0.3486
 229.000       0.3739
 230.000       0.3687
 231.000       0.3940
 232.000       0.4045
 233.000       0.3694
 234.000       0.3609
 235.000       0.3675
 236.000       0.3641
 237.000       0.3861
 238.000       0.3875
 239.000       0.3826
 240.000       0.3950
 241.000       0.4888
 242.000       0.5933
 243.000       0.5518
 244.000       0.6128
 245.000       0.4929
 246.000       0.4052
 247.000       0.4052
 248.000       0.4187
 249.000       0.5734
 250.000       0.6902
 251.000       0.7090
 252.000       0.6384
 253.000       0.6862
 254.000       0.8026
 255.000       0.9612
 256.000       1.0414
 257.000       0.7488
 258.000       0.5817
 259.000       0.6016
 260.000       0.5609
 261.000       0.5169
 262.000       0.4438
 263.000       0.4101
 264.000       0.5172
 265.000       0.6124
 266.000       0.5498
 267.000       0.6401
 268.000       0.7469
 269.000       0.7340
 270.000       0.5623
 271.000       0.5396
 272.000       0.6225
 273.000       0.5772
 274.000       0.5246
 275.000       0.6793
 276.000       0.7569
 277.000       0.6772
 278.000       0.7678
 279.000       1.0492
 280.000       1.1982
 281.000       1.0678
 282.000       0.9999
 283.000       1.0062
 284.000       0.9597
 285.000       0.8123
 286.000       0.8555
 287.000       0.9208
 288.000       0.8671
 289.000       0.7286
 290.000       0.5997
 291.000       0.5770
 292.000       0.5926
 293.000       0.4695
 294.000       0.3856
 295.000       0.3853
 296.000       0.4116
 297.000       0.4041
 298.000       0.4373
 299.000       0.5418
 300.000       0.4934
 301.000       0.4577
 302.000       0.5513
 303.000       0.6353
 304.000       0.5537
 305.000       0.6333
 306.000       1.2071
 307.000       1.2848
 308.000       0.8513
 309.000       0.7051
 310.000       0.5168
 311.000       0.5387
 312.000       0.7801
 313.000       1.3623
 314.000       2.4225
 315.000       3.8018
 316.000       5.2825
 317.000       1.5315
