#Res        AtomicFlx
   1.000       0.6340
   2.000       0.5859
   3.000       0.8743
   4.000       1.0970
   5.000       0.7961
   6.000       0.5443
   7.000       0.5354
   8.000       0.6320
   9.000       0.5980
  10.000       0.6743
  11.000       0.7928
  12.000       0.8046
  13.000       0.7666
  14.000       0.8133
  15.000       0.7065
  16.000       0.5928
  17.000       0.7385
  18.000       0.8616
  19.000       0.7322
  20.000       0.5826
  21.000       0.4689
  22.000       0.4484
  23.000       0.4833
  24.000       0.6726
  25.000       0.6568
  26.000       0.6979
  27.000       0.6933
  28.000       0.7590
  29.000       0.6961
  30.000       0.6157
  31.000       0.6032
  32.000       0.4647
  33.000       0.3669
  34.000       0.3225
  35.000       0.3223
  36.000       0.3342
  37.000       0.3398
  38.000       0.3765
  39.000       0.5334
  40.000       0.5264
  41.000       0.5189
  42.000       0.5594
  43.000       0.4795
  44.000       0.4796
  45.000       0.4977
  46.000       0.5178
  47.000       0.4566
  48.000       0.3849
  49.000       0.4313
  50.000       0.4755
  51.000       0.3975
  52.000       0.3636
  53.000       0.3565
  54.000       0.4021
  55.000       0.4032
  56.000       0.4006
  57.000       0.4648
  58.000       0.5624
  59.000       0.5603
  60.000       0.5696
  61.000       0.4521
  62.000       0.3944
  63.000       0.3427
  64.000       0.3131
  65.000       0.3857
  66.000       0.4172
  67.000       0.4657
  68.000       0.4826
  69.000       0.5219
  70.000       0.4966
  71.000       0.5718
  72.000       0.5966
  73.000       0.4981
  74.000       0.5034
  75.000       0.4152
  76.000       0.3888
  77.000       0.3754
  78.000       0.4130
  79.000       0.4124
  80.000       0.3766
  81.000       0.3553
  82.000       0.3613
  83.000       0.3635
  84.000       0.3711
  85.000       0.3980
  86.000       0.3782
  87.000       0.3846
  88.000       0.4632
  89.000       0.4328
  90.000       0.3930
  91.000       0.4207
  92.000       0.5216
  93.000       0.5556
  94.000       0.5540
  95.000       0.6136
  96.000       0.6021
  97.000       0.5658
  98.000       0.4239
  99.000       0.3768
 100.000       0.3381
 101.000       0.3646
 102.000       0.3195
 103.000       0.3026
 104.000       0.3167
 105.000       0.3459
 106.000       0.3388
 107.000       0.3526
 108.000       0.3623
 109.000       0.3590
 110.000       0.3480
 111.000       0.3597
 112.000       0.3696
 113.000       0.3611
 114.000       0.3541
 115.000       0.3524
 116.000       0.3489
 117.000       0.3509
 118.000       0.3746
 119.000       0.4293
 120.000       0.4603
 121.000       0.4064
 122.000       0.4166
 123.000       0.4609
 124.000       0.3958
 125.000       0.3988
 126.000       0.3773
 127.000       0.3528
 128.000       0.3464
 129.000       0.3300
 130.000       0.3227
 131.000       0.3131
 132.000       0.3551
 133.000       0.3661
 134.000       0.3754
 135.000       0.3920
 136.000       0.4204
 137.000       0.4296
 138.000       0.4559
 139.000       0.5635
 140.000       0.6902
 141.000       0.7703
 142.000       0.9922
 143.000       1.1496
 144.000       1.1368
 145.000       1.5220
 146.000       1.9231
 147.000       2.3830
 148.000       2.8331
 149.000       1.2734
 150.000       0.7595
 151.000       0.6258
 152.000       0.5417
 153.000       0.4691
 154.000       0.4539
 155.000       0.4100
 156.000       0.3935
 157.000       0.4525
 158.000       0.5644
 159.000       0.6273
 160.000       0.5718
 161.000       0.4445
 162.000       0.3962
 163.000       0.3639
 164.000       0.3938
 165.000       0.4057
 166.000       0.3863
 167.000       0.3938
 168.000       0.4362
 169.000       0.4361
 170.000       0.4449
 171.000       0.5132
 172.000       0.4945
 173.000       0.4752
 174.000       0.6032
 175.000       0.6149
 176.000       0.4516
 177.000       0.3941
 178.000       0.3741
 179.000       0.3776
 180.000       0.3291
 181.000       0.3123
 182.000       0.3170
 183.000       0.3310
 184.000       0.3958
 185.000       0.4633
 186.000       0.5625
 187.000       0.7023
 188.000       0.7484
 189.000       0.5595
 190.000       0.5016
 191.000       0.5152
 192.000       0.4925
 193.000       0.4262
 194.000       0.5302
 195.000       0.5432
 196.000       0.5050
 197.000       0.4892
 198.000       0.5010
 199.000       0.4923
 200.000       0.3845
 201.000       0.3416
 202.000       0.3385
 203.000       0.3884
 204.000       0.3891
 205.000       0.4455
 206.000       0.5044
 207.000       0.4959
 208.000       0.3765
 209.000       0.3634
 210.000       0.3637
 211.000       0.3808
 212.000       0.4040
 213.000       0.4528
 214.000       0.5016
 215.000       0.5308
 216.000       0.5339
 217.000       0.6412
 218.000       0.7844
 219.000       0.8526
 220.000       0.6486
 221.000       0.5867
 222.000       0.5198
 223.000       0.5140
 224.000       0.5221
 225.000       0.4759
 226.000       0.4270
 227.000       0.3703
 228.000       0.3474
 229.000       0.3619
 230.000       0.3604
 231.000       0.3860
 232.000       0.3924
 233.000       0.3589
 234.000       0.3540
 235.000       0.3688
 236.000       0.3678
 237.000       0.3923
 238.000       0.3910
 239.000       0.3801
 240.000       0.3888
 241.000       0.4586
 242.000       0.5295
 243.000       0.5153
 244.000       0.6415
 245.000       0.8110
 246.000       0.6560
 247.000       0.5361
 248.000       0.4454
 249.000       0.5749
 250.000       0.6646
 251.000       0.7068
 252.000       0.6165
 253.000       0.6627
 254.000       0.8045
 255.000       1.0031
 256.000       1.0876
 257.000       0.7735
 258.000       0.5885
 259.000       0.5962
 260.000       0.5590
 261.000       0.5205
 262.000       0.4618
 263.000       0.4248
 264.000       0.5305
 265.000       0.6169
 266.000       0.5591
 267.000       0.6547
 268.000       0.7448
 269.000       0.7193
 270.000       0.5632
 271.000       0.5466
 272.000       0.6105
 273.000       0.5732
 274.000       0.5338
 275.000       0.7217
 276.000       0.7637
 277.000       0.6702
 278.000       0.7080
 279.000       0.7800
 280.000       0.7462
 281.000       0.7383
 282.000       0.8360
 283.000       0.7656
 284.000       0.8120
 285.000       0.8866
 286.000       1.1736
 287.000       1.2096
 288.000       1.0570
 289.000       0.8971
 290.000       1.0650
 291.000       0.7388
 292.000       0.6912
 293.000       0.5186
 294.000       0.4279
 295.000       0.4237
 296.000       0.4363
 297.000       0.4202
 298.000       0.4578
 299.000       0.5538
 300.000       0.5248
 301.000       0.4737
 302.000       0.5359
 303.000       0.6014
 304.000       0.5167
 305.000       0.5401
 306.000       0.7093
 307.000       0.8186
 308.000       0.6883
 309.000       0.6424
 310.000       0.5234
 311.000       0.5760
 312.000       0.7324
 313.000       0.7883
 314.000       0.8470
 315.000       0.8352
 316.000       1.3305
 317.000       1.6506
