#Res        AtomicFlx
   1.000       0.7174
   2.000       0.6450
   3.000       0.9012
   4.000       1.0836
   5.000       0.8113
   6.000       0.6097
   7.000       0.5996
   8.000       0.6752
   9.000       0.6205
  10.000       0.6716
  11.000       0.7041
  12.000       0.7609
  13.000       0.7615
  14.000       0.7918
  15.000       0.7112
  16.000       0.6335
  17.000       0.7397
  18.000       0.8422
  19.000       0.7441
  20.000       0.5833
  21.000       0.5094
  22.000       0.5239
  23.000       0.6107
  24.000       0.7866
  25.000       0.7589
  26.000       0.7760
  27.000       0.7520
  28.000       0.8323
  29.000       0.7676
  30.000       0.6680
  31.000       0.6651
  32.000       0.5226
  33.000       0.4196
  34.000       0.3527
  35.000       0.3295
  36.000       0.3435
  37.000       0.3485
  38.000       0.3976
  39.000       0.4520
  40.000       0.4941
  41.000       0.5839
  42.000       0.4824
  43.000       0.4984
  44.000       0.5737
  45.000       0.5627
  46.000       0.4933
  47.000       0.4600
  48.000       0.4116
  49.000       0.4641
  50.000       0.5000
  51.000       0.4177
  52.000       0.3780
  53.000       0.3813
  54.000       0.4206
  55.000       0.4126
  56.000       0.4184
  57.000       0.4995
  58.000       0.5853
  59.000       0.5758
  60.000       0.6042
  61.000       0.4830
  62.000       0.4575
  63.000       0.4192
  64.000       0.3927
  65.000       0.4580
  66.000       0.6112
  67.000       0.9030
  68.000       0.7118
  69.000       0.6623
  70.000       0.5339
  71.000       0.6169
  72.000       0.5187
  73.000       0.4291
  74.000       0.4283
  75.000       0.3716
  76.000       0.3474
  77.000       0.3522
  78.000       0.3769
  79.000       0.3675
  80.000       0.3756
  81.000       0.3961
  82.000       0.4017
  83.000       0.3842
  84.000       0.3739
  85.000       0.4007
  86.000       0.3927
  87.000       0.3918
  88.000       0.4649
  89.000       0.4542
  90.000       0.4336
  91.000       0.4633
  92.000       0.5866
  93.000       0.6356
  94.000       0.6341
  95.000       0.7279
  96.000       0.6625
  97.000       0.5919
  98.000       0.4581
  99.000       0.4009
 100.000       0.3555
 101.000       0.3533
 102.000       0.3168
 103.000       0.3018
 104.000       0.3070
 105.000       0.3263
 106.000       0.3314
 107.000       0.3521
 108.000       0.3788
 109.000       0.3774
 110.000       0.3463
 111.000       0.3668
 112.000       0.3907
 113.000       0.3533
 114.000       0.3544
 115.000       0.3816
 116.000       0.4160
 117.000       0.4299
 118.000       0.4482
 119.000       0.5070
 120.000       0.5348
 121.000       0.4586
 122.000       0.4832
 123.000       0.5046
 124.000       0.4097
 125.000       0.4031
 126.000       0.3984
 127.000       0.3777
 128.000       0.3578
 129.000       0.3267
 130.000       0.3151
 131.000       0.3067
 132.000       0.3586
 133.000       0.3796
 134.000       0.4017
 135.000       0.4009
 136.000       0.4507
 137.000       0.4979
 138.000       0.6550
 139.000       0.8745
 140.000       0.9024
 141.000       0.7115
 142.000       0.8809
 143.000       0.8727
 144.000       0.8448
 145.000       0.7922
 146.000       0.9091
 147.000       0.9448
 148.000       0.9501
 149.000       0.8026
 150.000       0.6048
 151.000       0.5136
 152.000       0.4399
 153.000       0.3872
 154.000       0.3981
 155.000       0.3938
 156.000       0.3642
 157.000       0.4047
 158.000       0.5001
 159.000       0.6085
 160.000       0.5918
 161.000       0.4603
 162.000       0.4182
 163.000       0.3670
 164.000       0.4022
 165.000       0.4460
 166.000       0.4357
 167.000       0.4196
 168.000       0.4613
 169.000       0.5040
 170.000       0.5167
 171.000       0.6084
 172.000       0.5268
 173.000       0.4628
 174.000       0.5423
 175.000       0.5954
 176.000       0.5033
 177.000       0.4136
 178.000       0.3951
 179.000       0.3597
 180.000       0.3120
 181.000       0.3114
 182.000       0.3203
 183.000       0.3466
 184.000       0.4414
 185.000       0.5294
 186.000       0.6366
 187.000       0.7155
 188.000       0.8247
 189.000       0.7736
 190.000       0.9178
 191.000       0.6560
 192.000       0.5354
 193.000       0.6971
 194.000       1.2235
 195.000       1.2060
 196.000       1.1628
 197.000       0.8768
 198.000       0.6844
 199.000       0.6579
 200.000       0.5239
 201.000       0.3842
 202.000       0.3741
 203.000       0.4054
 204.000       0.4007
 205.000       0.4543
 206.000       0.5139
 207.000       0.5013
 208.000       0.3833
 209.000       0.3741
 210.000       0.4018
 211.000       0.4479
 212.000       0.4417
 213.000       0.5039
 214.000       0.5594
 215.000       0.5867
 216.000       0.6168
 217.000       0.7588
 218.000       0.9629
 219.000       1.0868
 220.000       0.8005
 221.000       0.6838
 222.000       0.5986
 223.000       0.6507
 224.000       0.7303
 225.000       0.7124
 226.000       0.5590
 227.000       0.4142
 228.000       0.3835
 229.000       0.4077
 230.000       0.4047
 231.000       0.4336
 232.000       0.4309
 233.000       0.3831
 234.000       0.3719
 235.000       0.3785
 236.000       0.3621
 237.000       0.3827
 238.000       0.3893
 239.000       0.3864
 240.000       0.4060
 241.000       0.4757
 242.000       0.5577
 243.000       0.5352
 244.000       0.6081
 245.000       0.5103
 246.000       0.4271
 247.000       0.4301
 248.000       0.4326
 249.000       0.5497
 250.000       0.6491
 251.000       0.7081
 252.000       0.6380
 253.000       0.6741
 254.000       0.8112
 255.000       0.9847
 256.000       1.0772
 257.000       0.8234
 258.000       0.6647
 259.000       0.6553
 260.000       0.6064
 261.000       0.5691
 262.000       0.4869
 263.000       0.4604
 264.000       0.5575
 265.000       0.6260
 266.000       0.5777
 267.000       0.6542
 268.000       0.7517
 269.000       0.7316
 270.000       0.5856
 271.000       0.5701
 272.000       0.6410
 273.000       0.5985
 274.000       0.5458
 275.000       0.6605
 276.000       0.7073
 277.000       0.6261
 278.000       0.6507
 279.000       0.8920
 280.000       0.9271
 281.000       0.7721
 282.000       0.8134
 283.000       0.9347
 284.000       0.9067
 285.000       0.7908
 286.000       0.8488
 287.000       0.9474
 288.000       0.9642
 289.000       0.8214
 290.000       1.0645
 291.000       0.6967
 292.000       0.6409
 293.000       0.5041
 294.000       0.4282
 295.000       0.4240
 296.000       0.4446
 297.000       0.4274
 298.000       0.4766
 299.000       0.6103
 300.000       0.5635
 301.000       0.5187
 302.000       0.6455
 303.000       0.7939
 304.000       0.6607
 305.000       0.8247
 306.000       1.4285
 307.000       1.4678
 308.000       0.8840
 309.000       0.6566
 310.000       0.5605
 311.000       0.5892
 312.000       0.8171
 313.000       1.8970
 314.000       2.9281
 315.000       4.8930
 316.000       6.9310
 317.000       1.4689
