#Res        AtomicFlx
   1.000       0.6266
   2.000       0.5649
   3.000       0.8092
   4.000       0.9221
   5.000       0.7446
   6.000       0.5522
   7.000       0.5465
   8.000       0.6448
   9.000       0.6203
  10.000       0.6967
  11.000       0.7793
  12.000       0.8440
  13.000       0.7974
  14.000       0.8230
  15.000       0.7193
  16.000       0.5937
  17.000       0.6912
  18.000       0.8032
  19.000       0.7650
  20.000       0.5732
  21.000       0.5006
  22.000       0.4951
  23.000       0.5678
  24.000       0.7538
  25.000       0.7084
  26.000       0.7254
  27.000       0.6877
  28.000       0.7495
  29.000       0.6911
  30.000       0.6738
  31.000       0.6670
  32.000       0.5208
  33.000       0.3911
  34.000       0.3337
  35.000       0.3144
  36.000       0.3445
  37.000       0.3476
  38.000       0.3809
  39.000       0.4740
  40.000       0.4983
  41.000       0.6203
  42.000       0.6030
  43.000       0.5533
  44.000       0.5551
  45.000       0.5273
  46.000       0.5037
  47.000       0.4685
  48.000       0.4109
  49.000       0.4591
  50.000       0.5075
  51.000       0.4234
  52.000       0.3799
  53.000       0.3771
  54.000       0.4221
  55.000       0.4178
  56.000       0.4170
  57.000       0.5064
  58.000       0.6093
  59.000       0.6000
  60.000       0.6172
  61.000       0.4905
  62.000       0.4407
  63.000       0.3899
  64.000       0.3598
  65.000       0.4221
  66.000       0.5636
  67.000       0.8573
  68.000       0.6826
  69.000       0.6697
  70.000       0.5756
  71.000       0.6551
  72.000       0.5949
  73.000       0.5196
  74.000       0.5177
  75.000       0.4300
  76.000       0.3967
  77.000       0.3748
  78.000       0.4109
  79.000       0.4209
  80.000       0.3791
  81.000       0.3673
  82.000       0.3695
  83.000       0.3693
  84.000       0.3739
  85.000       0.3937
  86.000       0.3794
  87.000       0.3881
  88.000       0.4621
  89.000       0.4303
  90.000       0.3984
  91.000       0.4263
  92.000       0.5222
  93.000       0.5513
  94.000       0.5424
  95.000       0.6198
  96.000       0.6327
  97.000       0.6245
  98.000       0.4866
  99.000       0.4370
 100.000       0.3863
 101.000       0.3801
 102.000       0.3214
 103.000       0.3110
 104.000       0.3260
 105.000       0.3890
 106.000       0.3566
 107.000       0.3559
 108.000       0.3686
 109.000       0.3693
 110.000       0.3556
 111.000       0.3616
 112.000       0.3672
 113.000       0.3595
 114.000       0.3601
 115.000       0.3563
 116.000       0.3545
 117.000       0.3660
 118.000       0.3922
 119.000       0.4429
 120.000       0.4689
 121.000       0.4115
 122.000       0.4250
 123.000       0.4905
 124.000       0.4201
 125.000       0.4174
 126.000       0.3990
 127.000       0.3721
 128.000       0.3869
 129.000       0.3455
 130.000       0.3349
 131.000       0.3239
 132.000       0.3809
 133.000       0.4100
 134.000       0.4026
 135.000       0.4101
 136.000       0.4352
 137.000       0.4543
 138.000       0.4633
 139.000       0.5894
 140.000       0.6337
 141.000       0.6424
 142.000       0.7889
 143.000       0.9309
 144.000       0.9150
 145.000       0.8645
 146.000       1.0105
 147.000       1.1174
 148.000       1.1895
 149.000       1.0164
 150.000       0.7368
 151.000       0.5944
 152.000       0.5558
 153.000       0.4709
 154.000       0.4130
 155.000       0.4095
 156.000       0.3846
 157.000       0.4174
 158.000       0.4675
 159.000       0.5420
 160.000       0.5252
 161.000       0.4157
 162.000       0.3832
 163.000       0.3568
 164.000       0.3835
 165.000       0.3999
 166.000       0.3873
 167.000       0.3919
 168.000       0.4288
 169.000       0.4350
 170.000       0.4408
 171.000       0.4994
 172.000       0.4646
 173.000       0.4597
 174.000       0.5838
 175.000       0.5258
 176.000       0.4345
 177.000       0.3946
 178.000       0.3793
 179.000       0.3789
 180.000       0.3487
 181.000       0.3298
 182.000       0.3469
 183.000       0.3657
 184.000       0.4440
 185.000       0.5232
 186.000       0.6112
 187.000       0.6008
 188.000       0.6355
 189.000       0.6479
 190.000       0.6394
 191.000       0.5165
 192.000       0.4601
 193.000       0.5133
 194.000       0.6222
 195.000       0.6466
 196.000       0.6051
 197.000       0.5565
 198.000       0.5542
 199.000       0.5330
 200.000       0.4190
 201.000       0.3684
 202.000       0.3699
 203.000       0.4287
 204.000       0.4244
 205.000       0.4645
 206.000       0.5150
 207.000       0.5056
 208.000       0.3924
 209.000       0.3895
 210.000       0.3872
 211.000       0.4138
 212.000       0.4395
 213.000       0.4893
 214.000       0.5245
 215.000       0.5239
 216.000       0.5495
 217.000       0.6874
 218.000       0.8903
 219.000       1.0511
 220.000       0.7334
 221.000       0.6081
 222.000       0.5049
 223.000       0.4933
 224.000       0.5888
 225.000       0.5986
 226.000       0.4864
 227.000       0.3966
 228.000       0.3712
 229.000       0.3875
 230.000       0.3848
 231.000       0.4064
 232.000       0.4118
 233.000       0.3814
 234.000       0.3750
 235.000       0.3869
 236.000       0.3848
 237.000       0.3997
 238.000       0.4078
 239.000       0.4029
 240.000       0.4040
 241.000       0.4589
 242.000       0.5535
 243.000       0.5772
 244.000       0.6803
 245.000       1.0458
 246.000       0.9236
 247.000       0.5740
 248.000       0.4519
 249.000       0.6505
 250.000       0.7230
 251.000       0.7445
 252.000       0.6656
 253.000       0.7107
 254.000       0.8682
 255.000       1.0592
 256.000       1.1549
 257.000       0.8381
 258.000       0.6086
 259.000       0.5967
 260.000       0.5624
 261.000       0.5348
 262.000       0.4767
 263.000       0.4444
 264.000       0.5559
 265.000       0.6478
 266.000       0.5893
 267.000       0.6833
 268.000       0.7992
 269.000       0.7818
 270.000       0.6112
 271.000       0.5980
 272.000       0.6854
 273.000       0.6378
 274.000       0.5823
 275.000       0.7790
 276.000       0.9054
 277.000       0.8944
 278.000       0.9678
 279.000       1.3478
 280.000       1.7795
 281.000       1.5752
 282.000       1.1620
 283.000       0.9627
 284.000       0.8221
 285.000       0.7523
 286.000       0.9456
 287.000       0.9913
 288.000       0.9418
 289.000       0.8041
 290.000       0.9850
 291.000       0.7333
 292.000       0.6879
 293.000       0.5187
 294.000       0.4251
 295.000       0.4478
 296.000       0.4721
 297.000       0.4594
 298.000       0.4854
 299.000       0.5917
 300.000       0.5422
 301.000       0.4883
 302.000       0.5422
 303.000       0.6207
 304.000       0.5237
 305.000       0.6063
 306.000       0.9217
 307.000       0.9700
 308.000       0.7090
 309.000       0.6211
 310.000       0.5152
 311.000       0.5718
 312.000       0.7005
 313.000       1.1944
 314.000       2.4415
 315.000       4.3211
 316.000       5.9108
 317.000       1.5502
