#Res        AtomicFlx
   1.000       0.6075
   2.000       0.5386
   3.000       0.7847
   4.000       0.8227
   5.000       0.6829
   6.000       0.5264
   7.000       0.5384
   8.000       0.6257
   9.000       0.5814
  10.000       0.6114
  11.000       0.6801
  12.000       0.7519
  13.000       0.7792
  14.000       0.8403
  15.000       0.7312
  16.000       0.6085
  17.000       0.7438
  18.000       0.8516
  19.000       0.7711
  20.000       0.5957
  21.000       0.4905
  22.000       0.4861
  23.000       0.5377
  24.000       0.7838
  25.000       0.9290
  26.000       0.9593
  27.000       0.9207
  28.000       0.9846
  29.000       0.9733
  30.000       0.8344
  31.000       0.7091
  32.000       0.5184
  33.000       0.3876
  34.000       0.3248
  35.000       0.3071
  36.000       0.3365
  37.000       0.3329
  38.000       0.3778
  39.000       0.4691
  40.000       0.5265
  41.000       0.6223
  42.000       0.6111
  43.000       0.5092
  44.000       0.4936
  45.000       0.4919
  46.000       0.5008
  47.000       0.4434
  48.000       0.3944
  49.000       0.4497
  50.000       0.4825
  51.000       0.4015
  52.000       0.3650
  53.000       0.3634
  54.000       0.4144
  55.000       0.4097
  56.000       0.4071
  57.000       0.4799
  58.000       0.5746
  59.000       0.5694
  60.000       0.5907
  61.000       0.4692
  62.000       0.4240
  63.000       0.3659
  64.000       0.3325
  65.000       0.4106
  66.000       0.5024
  67.000       0.6978
  68.000       0.5654
  69.000       0.5743
  70.000       0.4989
  71.000       0.5575
  72.000       0.5546
  73.000       0.4268
  74.000       0.4500
  75.000       0.3864
  76.000       0.3566
  77.000       0.3582
  78.000       0.4124
  79.000       0.4089
  80.000       0.3641
  81.000       0.3551
  82.000       0.3588
  83.000       0.3600
  84.000       0.3615
  85.000       0.3893
  86.000       0.3761
  87.000       0.3829
  88.000       0.4642
  89.000       0.4409
  90.000       0.4142
  91.000       0.4429
  92.000       0.6114
  93.000       0.7347
  94.000       0.7263
  95.000       0.8198
  96.000       0.7819
  97.000       0.6732
  98.000       0.4815
  99.000       0.4089
 100.000       0.3397
 101.000       0.3346
 102.000       0.3018
 103.000       0.2906
 104.000       0.3014
 105.000       0.3280
 106.000       0.3301
 107.000       0.3352
 108.000       0.3493
 109.000       0.3451
 110.000       0.3378
 111.000       0.3486
 112.000       0.3499
 113.000       0.3412
 114.000       0.3622
 115.000       0.3791
 116.000       0.3447
 117.000       0.3422
 118.000       0.3778
 119.000       0.4425
 120.000       0.4839
 121.000       0.4296
 122.000       0.4829
 123.000       0.5273
 124.000       0.4176
 125.000       0.3984
 126.000       0.3790
 127.000       0.3611
 128.000       0.3472
 129.000       0.3196
 130.000       0.3095
 131.000       0.2938
 132.000       0.3177
 133.000       0.3199
 134.000       0.3475
 135.000       0.3659
 136.000       0.3882
 137.000       0.3873
 138.000       0.3730
 139.000       0.4395
 140.000       0.5278
 141.000       0.6605
 142.000       1.0376
 143.000       1.2294
 144.000       1.0678
 145.000       1.3275
 146.000       1.4801
 147.000       1.2267
 148.000       1.0492
 149.000       0.7406
 150.000       0.5150
 151.000       0.4587
 152.000       0.4342
 153.000       0.3989
 154.000       0.3575
 155.000       0.3319
 156.000       0.3134
 157.000       0.3390
 158.000       0.3778
 159.000       0.4544
 160.000       0.4854
 161.000       0.3722
 162.000       0.3323
 163.000       0.3184
 164.000       0.3552
 165.000       0.3594
 166.000       0.3497
 167.000       0.3733
 168.000       0.4268
 169.000       0.4248
 170.000       0.4377
 171.000       0.5197
 172.000       0.4808
 173.000       0.4709
 174.000       0.4943
 175.000       0.4828
 176.000       0.4364
 177.000       0.3968
 178.000       0.3720
 179.000       0.3386
 180.000       0.3012
 181.000       0.2978
 182.000       0.3236
 183.000       0.3220
 184.000       0.3778
 185.000       0.4086
 186.000       0.4507
 187.000       0.4528
 188.000       0.5060
 189.000       0.4648
 190.000       0.4031
 191.000       0.4158
 192.000       0.4677
 193.000       0.4022
 194.000       0.5069
 195.000       0.5338
 196.000       0.5096
 197.000       0.4847
 198.000       0.4983
 199.000       0.4848
 200.000       0.3736
 201.000       0.3280
 202.000       0.3159
 203.000       0.3511
 204.000       0.3497
 205.000       0.4042
 206.000       0.4945
 207.000       0.4671
 208.000       0.3609
 209.000       0.3505
 210.000       0.3473
 211.000       0.3766
 212.000       0.3869
 213.000       0.4132
 214.000       0.4747
 215.000       0.5009
 216.000       0.4918
 217.000       0.5830
 218.000       0.7397
 219.000       0.7802
 220.000       0.5675
 221.000       0.4936
 222.000       0.4400
 223.000       0.4087
 224.000       0.3910
 225.000       0.4179
 226.000       0.4051
 227.000       0.3590
 228.000       0.3438
 229.000       0.3762
 230.000       0.3833
 231.000       0.4123
 232.000       0.4160
 233.000       0.3839
 234.000       0.3748
 235.000       0.3754
 236.000       0.3671
 237.000       0.3952
 238.000       0.3920
 239.000       0.3744
 240.000       0.3932
 241.000       0.4572
 242.000       0.5230
 243.000       0.4968
 244.000       0.5850
 245.000       0.4823
 246.000       0.4049
 247.000       0.3948
 248.000       0.4099
 249.000       0.5347
 250.000       0.6352
 251.000       0.6751
 252.000       0.6141
 253.000       0.6648
 254.000       0.7503
 255.000       0.8801
 256.000       0.9697
 257.000       0.7482
 258.000       0.6202
 259.000       0.5724
 260.000       0.5245
 261.000       0.5048
 262.000       0.4513
 263.000       0.4387
 264.000       0.5423
 265.000       0.6334
 266.000       0.5769
 267.000       0.6527
 268.000       0.7412
 269.000       0.7195
 270.000       0.5642
 271.000       0.5316
 272.000       0.6019
 273.000       0.5724
 274.000       0.5076
 275.000       0.6318
 276.000       0.7451
 277.000       0.7410
 278.000       0.9597
 279.000       1.1852
 280.000       1.2045
 281.000       1.1002
 282.000       1.0642
 283.000       1.0387
 284.000       0.7634
 285.000       0.6304
 286.000       0.7827
 287.000       0.8214
 288.000       0.6999
 289.000       0.6263
 290.000       0.5789
 291.000       0.5003
 292.000       0.5233
 293.000       0.4380
 294.000       0.3675
 295.000       0.3795
 296.000       0.3980
 297.000       0.3846
 298.000       0.4251
 299.000       0.5128
 300.000       0.4840
 301.000       0.4438
 302.000       0.5092
 303.000       0.5717
 304.000       0.4852
 305.000       0.5193
 306.000       0.6528
 307.000       0.6961
 308.000       0.5802
 309.000       0.5501
 310.000       0.4524
 311.000       0.4951
 312.000       0.5993
 313.000       0.6495
 314.000       0.6970
 315.000       0.6821
 316.000       1.0834
