#Res        AtomicFlx
   1.000       0.6922
   2.000       0.6196
   3.000       0.9426
   4.000       1.1570
   5.000       0.8116
   6.000       0.5514
   7.000       0.5362
   8.000       0.6217
   9.000       0.5687
  10.000       0.6050
  11.000       0.6882
  12.000       0.7212
  13.000       0.7213
  14.000       0.7731
  15.000       0.6831
  16.000       0.5745
  17.000       0.7179
  18.000       0.8361
  19.000       0.7075
  20.000       0.5653
  21.000       0.4533
  22.000       0.4446
  23.000       0.4819
  24.000       0.6716
  25.000       0.6568
  26.000       0.7013
  27.000       0.6907
  28.000       0.7577
  29.000       0.6646
  30.000       0.5908
  31.000       0.5858
  32.000       0.4528
  33.000       0.3607
  34.000       0.3137
  35.000       0.3058
  36.000       0.3251
  37.000       0.3231
  38.000       0.3454
  39.000       0.4377
  40.000       0.4457
  41.000       0.4723
  42.000       0.4523
  43.000       0.4261
  44.000       0.4118
  45.000       0.4165
  46.000       0.4090
  47.000       0.3663
  48.000       0.3380
  49.000       0.3838
  50.000       0.4326
  51.000       0.3725
  52.000       0.3511
  53.000       0.3416
  54.000       0.3878
  55.000       0.3947
  56.000       0.3962
  57.000       0.4658
  58.000       0.5714
  59.000       0.5675
  60.000       0.5761
  61.000       0.4464
  62.000       0.3889
  63.000       0.3385
  64.000       0.3074
  65.000       0.3775
  66.000       0.4028
  67.000       0.4232
  68.000       0.4347
  69.000       0.4855
  70.000       0.4708
  71.000       0.4807
  72.000       0.4514
  73.000       0.4055
  74.000       0.3883
  75.000       0.3507
  76.000       0.3311
  77.000       0.3325
  78.000       0.3503
  79.000       0.3404
  80.000       0.3238
  81.000       0.3204
  82.000       0.3301
  83.000       0.3353
  84.000       0.3569
  85.000       0.3832
  86.000       0.3614
  87.000       0.3721
  88.000       0.4629
  89.000       0.4279
  90.000       0.3884
  91.000       0.4199
  92.000       0.5149
  93.000       0.5226
  94.000       0.5179
  95.000       0.5983
  96.000       0.5664
  97.000       0.5256
  98.000       0.4099
  99.000       0.3449
 100.000       0.3256
 101.000       0.3372
 102.000       0.3079
 103.000       0.2950
 104.000       0.3140
 105.000       0.3310
 106.000       0.3132
 107.000       0.3264
 108.000       0.3468
 109.000       0.3395
 110.000       0.3153
 111.000       0.3190
 112.000       0.3364
 113.000       0.3333
 114.000       0.3375
 115.000       0.3493
 116.000       0.3490
 117.000       0.3595
 118.000       0.3862
 119.000       0.4541
 120.000       0.5022
 121.000       0.4254
 122.000       0.4283
 123.000       0.4713
 124.000       0.3907
 125.000       0.3899
 126.000       0.3785
 127.000       0.3565
 128.000       0.3387
 129.000       0.3140
 130.000       0.3075
 131.000       0.3009
 132.000       0.3339
 133.000       0.3256
 134.000       0.3486
 135.000       0.3629
 136.000       0.3911
 137.000       0.3995
 138.000       0.3919
 139.000       0.5436
 140.000       0.6458
 141.000       0.9239
 142.000       1.8717
 143.000       1.4630
 144.000       1.0415
 145.000       0.9958
 146.000       1.1203
 147.000       1.0148
 148.000       0.9430
 149.000       0.9177
 150.000       0.5696
 151.000       0.4663
 152.000       0.4163
 153.000       0.3768
 154.000       0.3578
 155.000       0.3313
 156.000       0.3172
 157.000       0.3477
 158.000       0.3979
 159.000       0.4937
 160.000       0.4859
 161.000       0.3718
 162.000       0.3380
 163.000       0.3176
 164.000       0.3529
 165.000       0.3610
 166.000       0.3515
 167.000       0.3658
 168.000       0.4040
 169.000       0.4083
 170.000       0.4287
 171.000       0.4998
 172.000       0.4524
 173.000       0.4300
 174.000       0.4646
 175.000       0.5105
 176.000       0.4717
 177.000       0.3991
 178.000       0.3696
 179.000       0.3566
 180.000       0.3157
 181.000       0.2983
 182.000       0.3127
 183.000       0.3234
 184.000       0.4125
 185.000       0.4800
 186.000       0.5906
 187.000       0.6888
 188.000       0.7718
 189.000       0.6502
 190.000       0.4611
 191.000       0.4245
 192.000       0.4493
 193.000       0.4000
 194.000       0.5074
 195.000       0.5139
 196.000       0.4859
 197.000       0.4686
 198.000       0.4832
 199.000       0.4731
 200.000       0.3668
 201.000       0.3238
 202.000       0.3187
 203.000       0.3558
 204.000       0.3568
 205.000       0.4095
 206.000       0.4858
 207.000       0.4794
 208.000       0.3590
 209.000       0.3494
 210.000       0.3500
 211.000       0.3701
 212.000       0.3879
 213.000       0.4451
 214.000       0.4914
 215.000       0.5035
 216.000       0.5283
 217.000       0.6674
 218.000       0.8731
 219.000       0.9798
 220.000       0.7111
 221.000       0.6208
 222.000       0.5173
 223.000       0.5433
 224.000       0.6468
 225.000       0.6769
 226.000       0.5359
 227.000       0.4024
 228.000       0.3620
 229.000       0.3842
 230.000       0.3803
 231.000       0.4011
 232.000       0.4082
 233.000       0.3713
 234.000       0.3577
 235.000       0.3712
 236.000       0.3673
 237.000       0.3881
 238.000       0.3888
 239.000       0.3760
 240.000       0.4002
 241.000       0.4423
 242.000       0.5168
 243.000       0.5436
 244.000       0.6832
 245.000       0.9777
 246.000       0.9044
 247.000       0.5515
 248.000       0.4369
 249.000       0.5452
 250.000       0.6288
 251.000       0.6661
 252.000       0.6065
 253.000       0.6608
 254.000       0.7482
 255.000       0.9029
 256.000       0.9673
 257.000       0.7141
 258.000       0.5830
 259.000       0.5943
 260.000       0.5539
 261.000       0.5082
 262.000       0.4332
 263.000       0.4095
 264.000       0.5148
 265.000       0.5857
 266.000       0.5321
 267.000       0.6149
 268.000       0.7147
 269.000       0.7060
 270.000       0.5442
 271.000       0.5151
 272.000       0.5670
 273.000       0.5272
 274.000       0.4835
 275.000       0.6024
 276.000       0.6611
 277.000       0.6247
 278.000       0.8179
 279.000       1.0088
 280.000       1.1017
 281.000       0.9501
 282.000       0.9355
 283.000       1.0010
 284.000       0.8719
 285.000       0.7474
 286.000       0.8222
 287.000       0.8356
 288.000       0.7134
 289.000       0.6653
 290.000       0.7186
 291.000       0.6013
 292.000       0.5942
 293.000       0.4638
 294.000       0.3814
 295.000       0.4052
 296.000       0.4307
 297.000       0.3939
 298.000       0.4192
 299.000       0.5188
 300.000       0.4962
 301.000       0.4584
 302.000       0.5249
 303.000       0.5964
 304.000       0.4985
 305.000       0.5295
 306.000       0.8113
 307.000       0.8465
 308.000       0.6484
 309.000       0.6141
 310.000       0.4837
 311.000       0.5415
 312.000       0.6954
 313.000       0.7352
 314.000       0.8039
 315.000       0.8046
 316.000       1.3741
