#Res        AtomicFlx
   1.000       0.5871
   2.000       0.5144
   3.000       0.7328
   4.000       0.8561
   5.000       0.6902
   6.000       0.5158
   7.000       0.5237
   8.000       0.6011
   9.000       0.5675
  10.000       0.6221
  11.000       0.7132
  12.000       0.7366
  13.000       0.7123
  14.000       0.7485
  15.000       0.6633
  16.000       0.5558
  17.000       0.6372
  18.000       0.7316
  19.000       0.7163
  20.000       0.5341
  21.000       0.4837
  22.000       0.4745
  23.000       0.5369
  24.000       0.7125
  25.000       0.7080
  26.000       0.7508
  27.000       0.7287
  28.000       0.8263
  29.000       0.7930
  30.000       0.7166
  31.000       0.6713
  32.000       0.4818
  33.000       0.3761
  34.000       0.3285
  35.000       0.3094
  36.000       0.3362
  37.000       0.3317
  38.000       0.3832
  39.000       0.4884
  40.000       0.5026
  41.000       0.6282
  42.000       0.5736
  43.000       0.5054
  44.000       0.4975
  45.000       0.5119
  46.000       0.5034
  47.000       0.4409
  48.000       0.3968
  49.000       0.4569
  50.000       0.4974
  51.000       0.4167
  52.000       0.3745
  53.000       0.3662
  54.000       0.4082
  55.000       0.4057
  56.000       0.3949
  57.000       0.4598
  58.000       0.5486
  59.000       0.5416
  60.000       0.5606
  61.000       0.4475
  62.000       0.4119
  63.000       0.3731
  64.000       0.3387
  65.000       0.4047
  66.000       0.5668
  67.000       0.8900
  68.000       0.6582
  69.000       0.6486
  70.000       0.5617
  71.000       0.6169
  72.000       0.5323
  73.000       0.4664
  74.000       0.4591
  75.000       0.3852
  76.000       0.3550
  77.000       0.3490
  78.000       0.3691
  79.000       0.3646
  80.000       0.3494
  81.000       0.3450
  82.000       0.3461
  83.000       0.3551
  84.000       0.3564
  85.000       0.3744
  86.000       0.3703
  87.000       0.3702
  88.000       0.4291
  89.000       0.4172
  90.000       0.3984
  91.000       0.4156
  92.000       0.5445
  93.000       0.6424
  94.000       0.6650
  95.000       0.6990
  96.000       0.6452
  97.000       0.5680
  98.000       0.4064
  99.000       0.3342
 100.000       0.3200
 101.000       0.3285
 102.000       0.3017
 103.000       0.2935
 104.000       0.3040
 105.000       0.3274
 106.000       0.3193
 107.000       0.3243
 108.000       0.3376
 109.000       0.3311
 110.000       0.3188
 111.000       0.3275
 112.000       0.3275
 113.000       0.3224
 114.000       0.3314
 115.000       0.3320
 116.000       0.3248
 117.000       0.3315
 118.000       0.3571
 119.000       0.4025
 120.000       0.4258
 121.000       0.3813
 122.000       0.3971
 123.000       0.4491
 124.000       0.3735
 125.000       0.3798
 126.000       0.3744
 127.000       0.3537
 128.000       0.3414
 129.000       0.3175
 130.000       0.3103
 131.000       0.3004
 132.000       0.3357
 133.000       0.3268
 134.000       0.3558
 135.000       0.3623
 136.000       0.3885
 137.000       0.3949
 138.000       0.4183
 139.000       0.5577
 140.000       0.6710
 141.000       0.6564
 142.000       0.8161
 143.000       0.9417
 144.000       0.8991
 145.000       1.2265
 146.000       1.4062
 147.000       1.1635
 148.000       0.9879
 149.000       0.8086
 150.000       0.6995
 151.000       0.5726
 152.000       0.4662
 153.000       0.4221
 154.000       0.3991
 155.000       0.3684
 156.000       0.3267
 157.000       0.3606
 158.000       0.4059
 159.000       0.5112
 160.000       0.4796
 161.000       0.3760
 162.000       0.3388
 163.000       0.3158
 164.000       0.3477
 165.000       0.3555
 166.000       0.3450
 167.000       0.3621
 168.000       0.4066
 169.000       0.4028
 170.000       0.4114
 171.000       0.4762
 172.000       0.4316
 173.000       0.4050
 174.000       0.4501
 175.000       0.4248
 176.000       0.4002
 177.000       0.3699
 178.000       0.3540
 179.000       0.3249
 180.000       0.2963
 181.000       0.2975
 182.000       0.3188
 183.000       0.3189
 184.000       0.3790
 185.000       0.4306
 186.000       0.5262
 187.000       0.7496
 188.000       0.8812
 189.000       0.5527
 190.000       0.4537
 191.000       0.4603
 192.000       0.5381
 193.000       0.4280
 194.000       0.5645
 195.000       0.5759
 196.000       0.5521
 197.000       0.5013
 198.000       0.4901
 199.000       0.4747
 200.000       0.3668
 201.000       0.3329
 202.000       0.3266
 203.000       0.3639
 204.000       0.3491
 205.000       0.3927
 206.000       0.4867
 207.000       0.4462
 208.000       0.3520
 209.000       0.3474
 210.000       0.3561
 211.000       0.3855
 212.000       0.4027
 213.000       0.4339
 214.000       0.4843
 215.000       0.4923
 216.000       0.4969
 217.000       0.6341
 218.000       0.8687
 219.000       0.9040
 220.000       0.6496
 221.000       0.5441
 222.000       0.4793
 223.000       0.4655
 224.000       0.4709
 225.000       0.4475
 226.000       0.4135
 227.000       0.3663
 228.000       0.3490
 229.000       0.3808
 230.000       0.3812
 231.000       0.3979
 232.000       0.3998
 233.000       0.3685
 234.000       0.3597
 235.000       0.3649
 236.000       0.3629
 237.000       0.3845
 238.000       0.3777
 239.000       0.3688
 240.000       0.3891
 241.000       0.4555
 242.000       0.5152
 243.000       0.4793
 244.000       0.5432
 245.000       0.4602
 246.000       0.3948
 247.000       0.3850
 248.000       0.4009
 249.000       0.5139
 250.000       0.6245
 251.000       0.6585
 252.000       0.5939
 253.000       0.6545
 254.000       0.7525
 255.000       0.9108
 256.000       0.9939
 257.000       0.7278
 258.000       0.5809
 259.000       0.5804
 260.000       0.5450
 261.000       0.5036
 262.000       0.4479
 263.000       0.4276
 264.000       0.5268
 265.000       0.6147
 266.000       0.5641
 267.000       0.6421
 268.000       0.7395
 269.000       0.7247
 270.000       0.5650
 271.000       0.5360
 272.000       0.5898
 273.000       0.5601
 274.000       0.5114
 275.000       0.6210
 276.000       0.6889
 277.000       0.6486
 278.000       0.7969
 279.000       0.9979
 280.000       1.0217
 281.000       0.9066
 282.000       0.9919
 283.000       1.0394
 284.000       0.8297
 285.000       0.7090
 286.000       0.8702
 287.000       0.9806
 288.000       0.9488
 289.000       0.7804
 290.000       0.7854
 291.000       0.6280
 292.000       0.5949
 293.000       0.4917
 294.000       0.3979
 295.000       0.4045
 296.000       0.4158
 297.000       0.4035
 298.000       0.4423
 299.000       0.5419
 300.000       0.4878
 301.000       0.4440
 302.000       0.4937
 303.000       0.5675
 304.000       0.4831
 305.000       0.5191
 306.000       0.7548
 307.000       0.7789
 308.000       0.6068
 309.000       0.5700
 310.000       0.4657
 311.000       0.5221
 312.000       0.6249
 313.000       0.6567
 314.000       0.7065
 315.000       0.7191
 316.000       1.1685
