#Res        AtomicFlx
   1.000       0.6120
   2.000       0.5178
   3.000       0.6867
   4.000       0.7792
   5.000       0.6694
   6.000       0.5159
   7.000       0.5155
   8.000       0.5994
   9.000       0.5472
  10.000       0.5895
  11.000       0.7024
  12.000       0.7109
  13.000       0.7064
  14.000       0.7521
  15.000       0.6576
  16.000       0.5608
  17.000       0.6996
  18.000       0.8165
  19.000       0.7307
  20.000       0.5744
  21.000       0.4621
  22.000       0.4635
  23.000       0.5003
  24.000       0.7003
  25.000       0.6911
  26.000       0.7322
  27.000       0.7287
  28.000       0.8470
  29.000       0.8335
  30.000       0.7700
  31.000       0.7156
  32.000       0.5013
  33.000       0.3665
  34.000       0.3133
  35.000       0.3011
  36.000       0.3200
  37.000       0.3163
  38.000       0.3333
  39.000       0.4012
  40.000       0.4022
  41.000       0.5328
  42.000       0.4570
  43.000       0.4243
  44.000       0.4328
  45.000       0.4372
  46.000       0.4170
  47.000       0.3683
  48.000       0.3394
  49.000       0.3819
  50.000       0.4317
  51.000       0.3785
  52.000       0.3606
  53.000       0.3547
  54.000       0.4033
  55.000       0.4141
  56.000       0.4155
  57.000       0.5177
  58.000       0.5954
  59.000       0.5635
  60.000       0.5819
  61.000       0.4418
  62.000       0.3971
  63.000       0.3456
  64.000       0.3053
  65.000       0.3649
  66.000       0.3967
  67.000       0.4252
  68.000       0.4361
  69.000       0.4944
  70.000       0.5122
  71.000       0.5656
  72.000       0.5260
  73.000       0.4484
  74.000       0.3719
  75.000       0.3374
  76.000       0.3227
  77.000       0.3307
  78.000       0.3563
  79.000       0.3426
  80.000       0.3288
  81.000       0.3238
  82.000       0.3336
  83.000       0.3421
  84.000       0.3560
  85.000       0.3854
  86.000       0.3754
  87.000       0.3872
  88.000       0.4831
  89.000       0.4451
  90.000       0.4123
  91.000       0.4373
  92.000       0.5717
  93.000       0.6624
  94.000       0.6924
  95.000       0.7476
  96.000       0.6903
  97.000       0.6036
  98.000       0.4219
  99.000       0.3579
 100.000       0.3219
 101.000       0.3330
 102.000       0.3055
 103.000       0.2924
 104.000       0.2997
 105.000       0.3160
 106.000       0.3031
 107.000       0.3196
 108.000       0.3365
 109.000       0.3240
 110.000       0.3018
 111.000       0.3107
 112.000       0.3273
 113.000       0.3288
 114.000       0.3336
 115.000       0.3362
 116.000       0.3318
 117.000       0.3370
 118.000       0.3642
 119.000       0.4132
 120.000       0.4493
 121.000       0.3989
 122.000       0.4042
 123.000       0.4500
 124.000       0.3829
 125.000       0.3884
 126.000       0.3729
 127.000       0.3576
 128.000       0.3438
 129.000       0.3158
 130.000       0.3076
 131.000       0.2930
 132.000       0.3197
 133.000       0.3122
 134.000       0.3369
 135.000       0.3548
 136.000       0.3719
 137.000       0.3763
 138.000       0.3631
 139.000       0.4175
 140.000       0.4827
 141.000       0.5895
 142.000       0.8666
 143.000       1.0064
 144.000       0.8583
 145.000       0.9191
 146.000       1.0450
 147.000       0.9200
 148.000       0.8282
 149.000       0.7501
 150.000       0.4912
 151.000       0.4153
 152.000       0.3795
 153.000       0.3440
 154.000       0.3167
 155.000       0.3079
 156.000       0.3152
 157.000       0.3299
 158.000       0.3547
 159.000       0.4811
 160.000       0.4706
 161.000       0.3596
 162.000       0.3297
 163.000       0.3153
 164.000       0.3483
 165.000       0.3538
 166.000       0.3455
 167.000       0.3624
 168.000       0.4036
 169.000       0.4056
 170.000       0.4257
 171.000       0.5026
 172.000       0.4612
 173.000       0.4641
 174.000       0.5188
 175.000       0.5023
 176.000       0.4362
 177.000       0.3898
 178.000       0.3639
 179.000       0.3339
 180.000       0.2987
 181.000       0.2982
 182.000       0.3198
 183.000       0.3209
 184.000       0.3880
 185.000       0.4380
 186.000       0.5678
 187.000       0.7536
 188.000       0.7155
 189.000       0.5411
 190.000       0.4386
 191.000       0.4108
 192.000       0.4437
 193.000       0.4049
 194.000       0.5385
 195.000       0.5492
 196.000       0.5236
 197.000       0.4855
 198.000       0.4827
 199.000       0.4673
 200.000       0.3600
 201.000       0.3200
 202.000       0.3164
 203.000       0.3564
 204.000       0.3523
 205.000       0.4035
 206.000       0.4762
 207.000       0.4655
 208.000       0.3641
 209.000       0.3547
 210.000       0.3529
 211.000       0.3750
 212.000       0.3899
 213.000       0.4135
 214.000       0.4703
 215.000       0.4978
 216.000       0.4872
 217.000       0.5928
 218.000       0.7809
 219.000       0.8236
 220.000       0.6049
 221.000       0.5417
 222.000       0.4630
 223.000       0.3952
 224.000       0.3862
 225.000       0.3970
 226.000       0.3927
 227.000       0.3522
 228.000       0.3389
 229.000       0.3708
 230.000       0.3809
 231.000       0.3926
 232.000       0.3939
 233.000       0.3681
 234.000       0.3587
 235.000       0.3608
 236.000       0.3589
 237.000       0.3828
 238.000       0.3829
 239.000       0.3792
 240.000       0.3908
 241.000       0.4841
 242.000       0.6124
 243.000       0.6079
 244.000       0.6312
 245.000       0.5144
 246.000       0.4021
 247.000       0.3999
 248.000       0.4109
 249.000       0.5528
 250.000       0.6784
 251.000       0.7227
 252.000       0.6189
 253.000       0.6640
 254.000       0.7592
 255.000       0.8984
 256.000       0.9892
 257.000       0.7487
 258.000       0.6141
 259.000       0.5578
 260.000       0.5176
 261.000       0.4751
 262.000       0.4311
 263.000       0.4192
 264.000       0.5216
 265.000       0.6023
 266.000       0.5455
 267.000       0.6185
 268.000       0.7126
 269.000       0.6959
 270.000       0.5364
 271.000       0.5019
 272.000       0.5504
 273.000       0.5141
 274.000       0.4676
 275.000       0.5824
 276.000       0.6369
 277.000       0.6141
 278.000       0.8027
 279.000       0.9415
 280.000       0.9310
 281.000       0.8515
 282.000       0.8889
 283.000       0.9117
 284.000       0.7471
 285.000       0.6261
 286.000       0.7336
 287.000       0.7526
 288.000       0.6080
 289.000       0.5511
 290.000       0.5412
 291.000       0.4794
 292.000       0.4954
 293.000       0.4213
 294.000       0.3621
 295.000       0.3829
 296.000       0.4031
 297.000       0.3827
 298.000       0.4141
 299.000       0.5099
 300.000       0.4830
 301.000       0.4469
 302.000       0.5153
 303.000       0.5811
 304.000       0.4904
 305.000       0.5047
 306.000       0.6605
 307.000       0.7175
 308.000       0.5977
 309.000       0.5644
 310.000       0.4511
 311.000       0.4947
 312.000       0.6060
 313.000       0.6546
 314.000       0.7161
 315.000       0.7204
 316.000       1.1945
