#Res        AtomicFlx
   1.000       0.6932
   2.000       0.7115
   3.000       1.1920
   4.000       1.2006
   5.000       0.7805
   6.000       0.5234
   7.000       0.5001
   8.000       0.5923
   9.000       0.5545
  10.000       0.5728
  11.000       0.5826
  12.000       0.6753
  13.000       0.7081
  14.000       0.7520
  15.000       0.6410
  16.000       0.5415
  17.000       0.6840
  18.000       0.7963
  19.000       0.6951
  20.000       0.5459
  21.000       0.4382
  22.000       0.4333
  23.000       0.4690
  24.000       0.6639
  25.000       0.6521
  26.000       0.6918
  27.000       0.6786
  28.000       0.7455
  29.000       0.6834
  30.000       0.5919
  31.000       0.5821
  32.000       0.4527
  33.000       0.3553
  34.000       0.3062
  35.000       0.3002
  36.000       0.3124
  37.000       0.3045
  38.000       0.3245
  39.000       0.3697
  40.000       0.3533
  41.000       0.3645
  42.000       0.3498
  43.000       0.3656
  44.000       0.3746
  45.000       0.3841
  46.000       0.3735
  47.000       0.3437
  48.000       0.3254
  49.000       0.3678
  50.000       0.4194
  51.000       0.3670
  52.000       0.3482
  53.000       0.3355
  54.000       0.3821
  55.000       0.3873
  56.000       0.3876
  57.000       0.4492
  58.000       0.5533
  59.000       0.5557
  60.000       0.5674
  61.000       0.4410
  62.000       0.3825
  63.000       0.3327
  64.000       0.2961
  65.000       0.3688
  66.000       0.3914
  67.000       0.3992
  68.000       0.4301
  69.000       0.4683
  70.000       0.4109
  71.000       0.4073
  72.000       0.4048
  73.000       0.3848
  74.000       0.4210
  75.000       0.3763
  76.000       0.3580
  77.000       0.3454
  78.000       0.3708
  79.000       0.3676
  80.000       0.3392
  81.000       0.3212
  82.000       0.3273
  83.000       0.3411
  84.000       0.3600
  85.000       0.3771
  86.000       0.3555
  87.000       0.3635
  88.000       0.4378
  89.000       0.4122
  90.000       0.3790
  91.000       0.4092
  92.000       0.5064
  93.000       0.5246
  94.000       0.5140
  95.000       0.5930
  96.000       0.5785
  97.000       0.5417
  98.000       0.4186
  99.000       0.3678
 100.000       0.3296
 101.000       0.3478
 102.000       0.3085
 103.000       0.2940
 104.000       0.3079
 105.000       0.3221
 106.000       0.3117
 107.000       0.3224
 108.000       0.3340
 109.000       0.3307
 110.000       0.3161
 111.000       0.3270
 112.000       0.3417
 113.000       0.3385
 114.000       0.3393
 115.000       0.3395
 116.000       0.3334
 117.000       0.3467
 118.000       0.3670
 119.000       0.4329
 120.000       0.4570
 121.000       0.4019
 122.000       0.4138
 123.000       0.4608
 124.000       0.3951
 125.000       0.3918
 126.000       0.3705
 127.000       0.3426
 128.000       0.3330
 129.000       0.3190
 130.000       0.3111
 131.000       0.2994
 132.000       0.3330
 133.000       0.3276
 134.000       0.3494
 135.000       0.3613
 136.000       0.3912
 137.000       0.3960
 138.000       0.4271
 139.000       0.6169
 140.000       0.8288
 141.000       1.0527
 142.000       1.9105
 143.000       2.1093
 144.000       1.3490
 145.000       1.5905
 146.000       1.6256
 147.000       1.2540
 148.000       1.0146
 149.000       0.7922
 150.000       0.6435
 151.000       0.5449
 152.000       0.4559
 153.000       0.4187
 154.000       0.3856
 155.000       0.3522
 156.000       0.3265
 157.000       0.3707
 158.000       0.4397
 159.000       0.5428
 160.000       0.5181
 161.000       0.3863
 162.000       0.3538
 163.000       0.3331
 164.000       0.3577
 165.000       0.3679
 166.000       0.3616
 167.000       0.3733
 168.000       0.4153
 169.000       0.4180
 170.000       0.4317
 171.000       0.5032
 172.000       0.4597
 173.000       0.4352
 174.000       0.5732
 175.000       0.5441
 176.000       0.4427
 177.000       0.3956
 178.000       0.3674
 179.000       0.3567
 180.000       0.3199
 181.000       0.3054
 182.000       0.3148
 183.000       0.3211
 184.000       0.3921
 185.000       0.4777
 186.000       0.6477
 187.000       0.9435
 188.000       1.1300
 189.000       0.7928
 190.000       0.5064
 191.000       0.4342
 192.000       0.4748
 193.000       0.4389
 194.000       0.5451
 195.000       0.5618
 196.000       0.5282
 197.000       0.4952
 198.000       0.4993
 199.000       0.4956
 200.000       0.3802
 201.000       0.3283
 202.000       0.3210
 203.000       0.3607
 204.000       0.3632
 205.000       0.4158
 206.000       0.4823
 207.000       0.4760
 208.000       0.3683
 209.000       0.3579
 210.000       0.3557
 211.000       0.3786
 212.000       0.3822
 213.000       0.4214
 214.000       0.4770
 215.000       0.4991
 216.000       0.4922
 217.000       0.5991
 218.000       0.7427
 219.000       0.8358
 220.000       0.6009
 221.000       0.5377
 222.000       0.4662
 223.000       0.4918
 224.000       0.5740
 225.000       0.5208
 226.000       0.4348
 227.000       0.3757
 228.000       0.3495
 229.000       0.3508
 230.000       0.3478
 231.000       0.3665
 232.000       0.3799
 233.000       0.3546
 234.000       0.3460
 235.000       0.3583
 236.000       0.3620
 237.000       0.3803
 238.000       0.3709
 239.000       0.3608
 240.000       0.3724
 241.000       0.4348
 242.000       0.4887
 243.000       0.4819
 244.000       0.6121
 245.000       0.7150
 246.000       0.5713
 247.000       0.5037
 248.000       0.4513
 249.000       0.5953
 250.000       0.6916
 251.000       0.7112
 252.000       0.6132
 253.000       0.6652
 254.000       0.8099
 255.000       0.9941
 256.000       1.0699
 257.000       0.7516
 258.000       0.5654
 259.000       0.5483
 260.000       0.5115
 261.000       0.4790
 262.000       0.4222
 263.000       0.3947
 264.000       0.4895
 265.000       0.5738
 266.000       0.5268
 267.000       0.6120
 268.000       0.7200
 269.000       0.7088
 270.000       0.5508
 271.000       0.5171
 272.000       0.5836
 273.000       0.5553
 274.000       0.4908
 275.000       0.6092
 276.000       0.7210
 277.000       0.6226
 278.000       0.6044
 279.000       0.6642
 280.000       0.6377
 281.000       0.5795
 282.000       0.6118
 283.000       0.6169
 284.000       0.5381
 285.000       0.5755
 286.000       0.7496
 287.000       0.7815
 288.000       0.8229
 289.000       0.7250
 290.000       0.8954
 291.000       0.6818
 292.000       0.6607
 293.000       0.4591
 294.000       0.3703
 295.000       0.3899
 296.000       0.4173
 297.000       0.3966
 298.000       0.4342
 299.000       0.5249
 300.000       0.4844
 301.000       0.4506
 302.000       0.5045
 303.000       0.5695
 304.000       0.4917
 305.000       0.5314
 306.000       0.6704
 307.000       0.7377
 308.000       0.6244
 309.000       0.5901
 310.000       0.4910
 311.000       0.5396
 312.000       0.6767
 313.000       0.7338
 314.000       0.7666
 315.000       0.7326
 316.000       1.1564
 317.000       1.1580
