#Res        AtomicFlx
   1.000       0.6460
   2.000       0.6090
   3.000       0.9500
   4.000       1.1859
   5.000       0.8696
   6.000       0.5822
   7.000       0.5256
   8.000       0.6086
   9.000       0.5578
  10.000       0.5994
  11.000       0.6752
  12.000       0.7122
  13.000       0.7390
  14.000       0.7912
  15.000       0.6963
  16.000       0.5941
  17.000       0.7450
  18.000       0.8560
  19.000       0.7645
  20.000       0.5835
  21.000       0.4458
  22.000       0.4553
  23.000       0.4883
  24.000       0.6714
  25.000       0.6799
  26.000       0.7757
  27.000       0.7718
  28.000       0.9005
  29.000       0.8910
  30.000       0.6989
  31.000       0.6469
  32.000       0.4895
  33.000       0.3800
  34.000       0.3253
  35.000       0.3092
  36.000       0.3295
  37.000       0.3137
  38.000       0.3282
  39.000       0.3709
  40.000       0.3851
  41.000       0.3848
  42.000       0.3739
  43.000       0.3945
  44.000       0.4045
  45.000       0.4098
  46.000       0.3958
  47.000       0.3557
  48.000       0.3360
  49.000       0.3825
  50.000       0.4289
  51.000       0.3743
  52.000       0.3534
  53.000       0.3465
  54.000       0.3907
  55.000       0.3927
  56.000       0.3912
  57.000       0.4616
  58.000       0.5545
  59.000       0.5476
  60.000       0.5627
  61.000       0.4586
  62.000       0.4143
  63.000       0.3539
  64.000       0.3188
  65.000       0.3799
  66.000       0.4483
  67.000       0.5836
  68.000       0.4873
  69.000       0.5044
  70.000       0.4362
  71.000       0.4613
  72.000       0.4806
  73.000       0.4250
  74.000       0.4534
  75.000       0.3975
  76.000       0.3795
  77.000       0.3539
  78.000       0.3762
  79.000       0.3765
  80.000       0.3399
  81.000       0.3267
  82.000       0.3425
  83.000       0.3376
  84.000       0.3601
  85.000       0.3967
  86.000       0.3734
  87.000       0.3821
  88.000       0.4831
  89.000       0.5079
  90.000       0.4911
  91.000       0.5819
  92.000       0.8376
  93.000       1.6815
  94.000       2.4234
  95.000       1.4976
  96.000       0.9846
  97.000       0.6456
  98.000       0.4315
  99.000       0.3408
 100.000       0.3237
 101.000       0.3311
 102.000       0.3028
 103.000       0.2914
 104.000       0.3008
 105.000       0.2987
 106.000       0.2984
 107.000       0.3152
 108.000       0.3294
 109.000       0.3184
 110.000       0.2988
 111.000       0.3056
 112.000       0.3215
 113.000       0.3197
 114.000       0.3332
 115.000       0.3452
 116.000       0.3379
 117.000       0.3460
 118.000       0.3738
 119.000       0.4445
 120.000       0.4831
 121.000       0.4197
 122.000       0.4298
 123.000       0.4781
 124.000       0.3890
 125.000       0.3799
 126.000       0.3690
 127.000       0.3479
 128.000       0.3325
 129.000       0.3156
 130.000       0.3123
 131.000       0.3028
 132.000       0.3267
 133.000       0.3176
 134.000       0.3391
 135.000       0.3527
 136.000       0.3786
 137.000       0.3836
 138.000       0.3715
 139.000       0.4855
 140.000       0.6285
 141.000       0.7010
 142.000       1.4574
 143.000       1.3805
 144.000       0.8984
 145.000       0.9987
 146.000       1.1669
 147.000       1.0844
 148.000       0.9142
 149.000       0.7850
 150.000       0.6562
 151.000       0.5478
 152.000       0.4537
 153.000       0.4206
 154.000       0.3814
 155.000       0.3441
 156.000       0.3155
 157.000       0.3369
 158.000       0.3881
 159.000       0.5174
 160.000       0.5070
 161.000       0.3796
 162.000       0.3456
 163.000       0.3278
 164.000       0.3559
 165.000       0.3661
 166.000       0.3565
 167.000       0.3726
 168.000       0.4121
 169.000       0.4185
 170.000       0.4368
 171.000       0.5206
 172.000       0.4728
 173.000       0.4616
 174.000       0.5679
 175.000       0.6122
 176.000       0.5089
 177.000       0.4189
 178.000       0.3924
 179.000       0.3915
 180.000       0.3164
 181.000       0.3018
 182.000       0.3147
 183.000       0.3262
 184.000       0.4116
 185.000       0.4847
 186.000       0.6139
 187.000       0.8822
 188.000       0.9795
 189.000       0.6536
 190.000       0.4845
 191.000       0.4221
 192.000       0.4520
 193.000       0.4058
 194.000       0.5115
 195.000       0.5271
 196.000       0.5056
 197.000       0.4790
 198.000       0.4954
 199.000       0.4829
 200.000       0.3694
 201.000       0.3248
 202.000       0.3177
 203.000       0.3564
 204.000       0.3620
 205.000       0.4206
 206.000       0.4889
 207.000       0.4715
 208.000       0.3612
 209.000       0.3536
 210.000       0.3566
 211.000       0.3811
 212.000       0.3954
 213.000       0.4409
 214.000       0.4900
 215.000       0.4946
 216.000       0.5026
 217.000       0.6266
 218.000       0.7884
 219.000       0.8676
 220.000       0.6382
 221.000       0.5829
 222.000       0.4476
 223.000       0.4398
 224.000       0.4757
 225.000       0.4446
 226.000       0.3985
 227.000       0.3572
 228.000       0.3403
 229.000       0.3462
 230.000       0.3412
 231.000       0.3644
 232.000       0.3805
 233.000       0.3519
 234.000       0.3477
 235.000       0.3626
 236.000       0.3656
 237.000       0.3887
 238.000       0.3897
 239.000       0.3809
 240.000       0.3888
 241.000       0.4480
 242.000       0.5112
 243.000       0.5080
 244.000       0.6552
 245.000       0.7886
 246.000       0.6245
 247.000       0.5213
 248.000       0.4519
 249.000       0.5932
 250.000       0.6726
 251.000       0.7040
 252.000       0.6199
 253.000       0.6670
 254.000       0.7912
 255.000       0.9562
 256.000       1.0430
 257.000       0.7554
 258.000       0.5764
 259.000       0.5496
 260.000       0.5045
 261.000       0.4720
 262.000       0.4189
 263.000       0.3959
 264.000       0.5010
 265.000       0.5836
 266.000       0.5283
 267.000       0.6109
 268.000       0.7181
 269.000       0.7022
 270.000       0.5449
 271.000       0.5197
 272.000       0.5828
 273.000       0.5460
 274.000       0.4799
 275.000       0.5931
 276.000       0.6786
 277.000       0.5515
 278.000       0.5498
 279.000       0.6510
 280.000       0.6235
 281.000       0.5916
 282.000       0.6599
 283.000       0.6611
 284.000       0.5738
 285.000       0.6437
 286.000       0.8166
 287.000       0.8058
 288.000       0.8186
 289.000       0.6736
 290.000       0.8496
 291.000       0.7667
 292.000       0.7253
 293.000       0.4636
 294.000       0.3652
 295.000       0.4039
 296.000       0.4396
 297.000       0.4112
 298.000       0.4431
 299.000       0.5492
 300.000       0.5172
 301.000       0.4727
 302.000       0.5443
 303.000       0.6147
 304.000       0.5198
 305.000       0.5424
 306.000       0.7543
 307.000       0.8075
 308.000       0.6506
 309.000       0.6072
 310.000       0.4903
 311.000       0.5516
 312.000       0.6993
 313.000       0.7505
 314.000       0.7844
 315.000       0.7720
 316.000       1.2868
 317.000       1.0214
