#Res        AtomicFlx
   1.000       0.6379
   2.000       0.5724
   3.000       0.8448
   4.000       1.0335
   5.000       0.7760
   6.000       0.5627
   7.000       0.5464
   8.000       0.6326
   9.000       0.5789
  10.000       0.6327
  11.000       0.6836
  12.000       0.7019
  13.000       0.7012
  14.000       0.7484
  15.000       0.6483
  16.000       0.5497
  17.000       0.6876
  18.000       0.8084
  19.000       0.7049
  20.000       0.5641
  21.000       0.4597
  22.000       0.4404
  23.000       0.4671
  24.000       0.6667
  25.000       0.7033
  26.000       0.7093
  27.000       0.6949
  28.000       0.7545
  29.000       0.7053
  30.000       0.6142
  31.000       0.5932
  32.000       0.4657
  33.000       0.3655
  34.000       0.3129
  35.000       0.3078
  36.000       0.3252
  37.000       0.3269
  38.000       0.3539
  39.000       0.4074
  40.000       0.4144
  41.000       0.4528
  42.000       0.4778
  43.000       0.4481
  44.000       0.4277
  45.000       0.4285
  46.000       0.4400
  47.000       0.4049
  48.000       0.3570
  49.000       0.4006
  50.000       0.4640
  51.000       0.4029
  52.000       0.3666
  53.000       0.3497
  54.000       0.4008
  55.000       0.4074
  56.000       0.3983
  57.000       0.4579
  58.000       0.5514
  59.000       0.5568
  60.000       0.5732
  61.000       0.4478
  62.000       0.3925
  63.000       0.3342
  64.000       0.3053
  65.000       0.3742
  66.000       0.4136
  67.000       0.4470
  68.000       0.4518
  69.000       0.4947
  70.000       0.4633
  71.000       0.4763
  72.000       0.4500
  73.000       0.4068
  74.000       0.4186
  75.000       0.3781
  76.000       0.3643
  77.000       0.3686
  78.000       0.3645
  79.000       0.3560
  80.000       0.3540
  81.000       0.3441
  82.000       0.3418
  83.000       0.3566
  84.000       0.3711
  85.000       0.3858
  86.000       0.3654
  87.000       0.3745
  88.000       0.4508
  89.000       0.4200
  90.000       0.3884
  91.000       0.4192
  92.000       0.5186
  93.000       0.5487
  94.000       0.5501
  95.000       0.6294
  96.000       0.6157
  97.000       0.5710
  98.000       0.4287
  99.000       0.3958
 100.000       0.3397
 101.000       0.3513
 102.000       0.3193
 103.000       0.3033
 104.000       0.3127
 105.000       0.3365
 106.000       0.3334
 107.000       0.3420
 108.000       0.3543
 109.000       0.3516
 110.000       0.3443
 111.000       0.3503
 112.000       0.3616
 113.000       0.3599
 114.000       0.3640
 115.000       0.3665
 116.000       0.3626
 117.000       0.3812
 118.000       0.4092
 119.000       0.4639
 120.000       0.4874
 121.000       0.4219
 122.000       0.4322
 123.000       0.4752
 124.000       0.4022
 125.000       0.3997
 126.000       0.3731
 127.000       0.3607
 128.000       0.3535
 129.000       0.3242
 130.000       0.3151
 131.000       0.3078
 132.000       0.3434
 133.000       0.3402
 134.000       0.3491
 135.000       0.3697
 136.000       0.3940
 137.000       0.3990
 138.000       0.4636
 139.000       0.6703
 140.000       0.8361
 141.000       0.8952
 142.000       1.0755
 143.000       1.1762
 144.000       1.0905
 145.000       1.2855
 146.000       1.3285
 147.000       1.0126
 148.000       0.9092
 149.000       0.7650
 150.000       0.6435
 151.000       0.5324
 152.000       0.4364
 153.000       0.3761
 154.000       0.3623
 155.000       0.3529
 156.000       0.3296
 157.000       0.3387
 158.000       0.4141
 159.000       0.5077
 160.000       0.5030
 161.000       0.3933
 162.000       0.3804
 163.000       0.3583
 164.000       0.3769
 165.000       0.3979
 166.000       0.3952
 167.000       0.3974
 168.000       0.4313
 169.000       0.4397
 170.000       0.4549
 171.000       0.5125
 172.000       0.4797
 173.000       0.4614
 174.000       0.5035
 175.000       0.4795
 176.000       0.4501
 177.000       0.3976
 178.000       0.3669
 179.000       0.3392
 180.000       0.3052
 181.000       0.3011
 182.000       0.3130
 183.000       0.3118
 184.000       0.3672
 185.000       0.4241
 186.000       0.5066
 187.000       0.6378
 188.000       0.7164
 189.000       0.6522
 190.000       0.4817
 191.000       0.4580
 192.000       0.4983
 193.000       0.4129
 194.000       0.5295
 195.000       0.5636
 196.000       0.5372
 197.000       0.4941
 198.000       0.4995
 199.000       0.4861
 200.000       0.3741
 201.000       0.3274
 202.000       0.3167
 203.000       0.3624
 204.000       0.3675
 205.000       0.4236
 206.000       0.4986
 207.000       0.4774
 208.000       0.3717
 209.000       0.3597
 210.000       0.3577
 211.000       0.3744
 212.000       0.3843
 213.000       0.4318
 214.000       0.4851
 215.000       0.4924
 216.000       0.5056
 217.000       0.6390
 218.000       0.8414
 219.000       0.9480
 220.000       0.6763
 221.000       0.5816
 222.000       0.5151
 223.000       0.5182
 224.000       0.5814
 225.000       0.5484
 226.000       0.4637
 227.000       0.3878
 228.000       0.3587
 229.000       0.3872
 230.000       0.3883
 231.000       0.4054
 232.000       0.4031
 233.000       0.3748
 234.000       0.3682
 235.000       0.3752
 236.000       0.3699
 237.000       0.3948
 238.000       0.3951
 239.000       0.3812
 240.000       0.3867
 241.000       0.4590
 242.000       0.5488
 243.000       0.5280
 244.000       0.6117
 245.000       0.4965
 246.000       0.4112
 247.000       0.4052
 248.000       0.4217
 249.000       0.5451
 250.000       0.6480
 251.000       0.6994
 252.000       0.6442
 253.000       0.6664
 254.000       0.7442
 255.000       0.8964
 256.000       0.9707
 257.000       0.7055
 258.000       0.5680
 259.000       0.5766
 260.000       0.5516
 261.000       0.5219
 262.000       0.4767
 263.000       0.4483
 264.000       0.5513
 265.000       0.6343
 266.000       0.5883
 267.000       0.6844
 268.000       0.7852
 269.000       0.7716
 270.000       0.6099
 271.000       0.5763
 272.000       0.6432
 273.000       0.5987
 274.000       0.5447
 275.000       0.6992
 276.000       0.7633
 277.000       0.7671
 278.000       0.9556
 279.000       1.0959
 280.000       1.0464
 281.000       1.0638
 282.000       1.0298
 283.000       0.9689
 284.000       0.7570
 285.000       0.7599
 286.000       0.9814
 287.000       0.9671
 288.000       0.8869
 289.000       0.7824
 290.000       0.8333
 291.000       0.6247
 292.000       0.6173
 293.000       0.5164
 294.000       0.4215
 295.000       0.4235
 296.000       0.4499
 297.000       0.4322
 298.000       0.4877
 299.000       0.6086
 300.000       0.5390
 301.000       0.4936
 302.000       0.5676
 303.000       0.6661
 304.000       0.5678
 305.000       0.7367
 306.000       1.3317
 307.000       1.3190
 308.000       0.8436
 309.000       0.7286
 310.000       0.5674
 311.000       0.5711
 312.000       0.7507
 313.000       1.9732
 314.000       3.9694
 315.000       5.6781
 316.000       7.4960
