#Res        AtomicFlx
   1.000       0.6634
   2.000       0.6059
   3.000       0.8930
   4.000       1.1350
   5.000       0.8270
   6.000       0.5701
   7.000       0.5503
   8.000       0.6371
   9.000       0.6006
  10.000       0.6544
  11.000       0.7077
  12.000       0.7322
  13.000       0.7482
  14.000       0.7935
  15.000       0.6741
  16.000       0.5753
  17.000       0.7250
  18.000       0.8370
  19.000       0.7269
  20.000       0.5766
  21.000       0.4591
  22.000       0.4400
  23.000       0.4729
  24.000       0.6593
  25.000       0.6449
  26.000       0.6996
  27.000       0.6939
  28.000       0.7604
  29.000       0.6927
  30.000       0.6139
  31.000       0.6059
  32.000       0.4663
  33.000       0.3608
  34.000       0.3128
  35.000       0.3101
  36.000       0.3299
  37.000       0.3279
  38.000       0.3582
  39.000       0.4090
  40.000       0.3984
  41.000       0.4200
  42.000       0.4999
  43.000       0.4677
  44.000       0.5073
  45.000       0.5070
  46.000       0.4889
  47.000       0.4327
  48.000       0.3610
  49.000       0.4079
  50.000       0.4593
  51.000       0.3965
  52.000       0.3654
  53.000       0.3546
  54.000       0.4058
  55.000       0.4079
  56.000       0.4003
  57.000       0.4637
  58.000       0.5662
  59.000       0.5631
  60.000       0.5737
  61.000       0.4491
  62.000       0.3894
  63.000       0.3388
  64.000       0.3085
  65.000       0.3864
  66.000       0.4385
  67.000       0.5120
  68.000       0.4481
  69.000       0.4764
  70.000       0.4363
  71.000       0.4532
  72.000       0.4565
  73.000       0.4004
  74.000       0.3991
  75.000       0.3581
  76.000       0.3413
  77.000       0.3528
  78.000       0.3622
  79.000       0.3440
  80.000       0.3349
  81.000       0.3396
  82.000       0.3413
  83.000       0.3497
  84.000       0.3676
  85.000       0.3923
  86.000       0.3727
  87.000       0.3873
  88.000       0.4831
  89.000       0.4380
  90.000       0.3986
  91.000       0.4336
  92.000       0.5424
  93.000       0.5777
  94.000       0.5794
  95.000       0.6751
  96.000       0.6512
  97.000       0.5789
  98.000       0.4311
  99.000       0.3756
 100.000       0.3373
 101.000       0.3431
 102.000       0.3123
 103.000       0.3073
 104.000       0.3198
 105.000       0.3689
 106.000       0.3144
 107.000       0.3256
 108.000       0.3458
 109.000       0.3406
 110.000       0.3227
 111.000       0.3374
 112.000       0.3455
 113.000       0.3431
 114.000       0.3502
 115.000       0.3530
 116.000       0.3530
 117.000       0.3576
 118.000       0.3828
 119.000       0.4384
 120.000       0.4790
 121.000       0.4170
 122.000       0.4202
 123.000       0.4659
 124.000       0.3970
 125.000       0.3944
 126.000       0.3791
 127.000       0.3597
 128.000       0.3508
 129.000       0.3257
 130.000       0.3160
 131.000       0.3062
 132.000       0.3472
 133.000       0.3448
 134.000       0.3659
 135.000       0.3936
 136.000       0.4173
 137.000       0.4056
 138.000       0.4180
 139.000       0.5696
 140.000       0.6310
 141.000       0.6133
 142.000       0.7609
 143.000       0.8875
 144.000       0.7695
 145.000       0.8262
 146.000       0.9650
 147.000       0.8872
 148.000       0.8771
 149.000       0.8034
 150.000       0.5422
 151.000       0.4586
 152.000       0.4132
 153.000       0.3675
 154.000       0.3509
 155.000       0.3406
 156.000       0.3223
 157.000       0.3419
 158.000       0.3975
 159.000       0.4963
 160.000       0.4871
 161.000       0.3939
 162.000       0.3686
 163.000       0.3459
 164.000       0.3781
 165.000       0.3980
 166.000       0.3906
 167.000       0.3970
 168.000       0.4450
 169.000       0.4629
 170.000       0.4744
 171.000       0.5553
 172.000       0.5030
 173.000       0.4980
 174.000       0.6093
 175.000       0.5653
 176.000       0.4355
 177.000       0.3971
 178.000       0.3742
 179.000       0.3437
 180.000       0.3063
 181.000       0.3036
 182.000       0.3163
 183.000       0.3199
 184.000       0.3903
 185.000       0.5088
 186.000       0.6713
 187.000       0.7522
 188.000       0.7337
 189.000       0.5526
 190.000       0.4752
 191.000       0.4553
 192.000       0.4671
 193.000       0.4176
 194.000       0.5324
 195.000       0.5483
 196.000       0.5171
 197.000       0.4938
 198.000       0.5071
 199.000       0.4875
 200.000       0.3790
 201.000       0.3425
 202.000       0.3334
 203.000       0.3715
 204.000       0.3753
 205.000       0.4448
 206.000       0.5340
 207.000       0.5017
 208.000       0.3761
 209.000       0.3616
 210.000       0.3589
 211.000       0.3718
 212.000       0.3814
 213.000       0.4254
 214.000       0.4752
 215.000       0.4790
 216.000       0.4964
 217.000       0.6278
 218.000       0.8047
 219.000       0.9521
 220.000       0.6491
 221.000       0.5483
 222.000       0.4647
 223.000       0.4897
 224.000       0.5539
 225.000       0.5157
 226.000       0.4415
 227.000       0.3777
 228.000       0.3503
 229.000       0.3685
 230.000       0.3633
 231.000       0.3856
 232.000       0.3911
 233.000       0.3642
 234.000       0.3780
 235.000       0.4037
 236.000       0.3775
 237.000       0.3971
 238.000       0.3972
 239.000       0.3892
 240.000       0.4092
 241.000       0.4711
 242.000       0.5293
 243.000       0.4891
 244.000       0.5611
 245.000       0.4788
 246.000       0.4123
 247.000       0.4264
 248.000       0.4259
 249.000       0.5449
 250.000       0.6477
 251.000       0.6790
 252.000       0.6224
 253.000       0.6578
 254.000       0.7705
 255.000       0.9240
 256.000       1.0023
 257.000       0.7316
 258.000       0.5721
 259.000       0.5701
 260.000       0.5308
 261.000       0.5099
 262.000       0.4629
 263.000       0.4260
 264.000       0.5345
 265.000       0.6296
 266.000       0.5692
 267.000       0.6568
 268.000       0.7644
 269.000       0.7567
 270.000       0.5816
 271.000       0.5572
 272.000       0.6281
 273.000       0.5863
 274.000       0.5271
 275.000       0.6591
 276.000       0.7396
 277.000       0.7025
 278.000       0.7733
 279.000       0.8897
 280.000       0.7794
 281.000       0.7453
 282.000       0.8926
 283.000       0.9050
 284.000       0.7119
 285.000       0.7446
 286.000       0.9702
 287.000       0.9630
 288.000       0.8682
 289.000       0.7575
 290.000       0.7620
 291.000       0.5654
 292.000       0.5706
 293.000       0.4800
 294.000       0.3974
 295.000       0.4050
 296.000       0.4267
 297.000       0.4167
 298.000       0.4629
 299.000       0.5697
 300.000       0.5131
 301.000       0.4694
 302.000       0.5306
 303.000       0.6047
 304.000       0.5542
 305.000       0.6083
 306.000       1.0940
 307.000       1.3685
 308.000       0.8667
 309.000       0.7234
 310.000       0.5202
 311.000       0.5571
 312.000       0.7666
 313.000       1.8507
 314.000       3.1081
 315.000       4.9035
 316.000       7.2236
