#Res        AtomicFlx
   1.000       0.6607
   2.000       0.6865
   3.000       1.0611
   4.000       1.2127
   5.000       0.8354
   6.000       0.5631
   7.000       0.5400
   8.000       0.6130
   9.000       0.5633
  10.000       0.6030
  11.000       0.7027
  12.000       0.7234
  13.000       0.7365
  14.000       0.7741
  15.000       0.6559
  16.000       0.5699
  17.000       0.7098
  18.000       0.8215
  19.000       0.7302
  20.000       0.5872
  21.000       0.4844
  22.000       0.4497
  23.000       0.4830
  24.000       0.6862
  25.000       0.6883
  26.000       0.7350
  27.000       0.7028
  28.000       0.7614
  29.000       0.6800
  30.000       0.6038
  31.000       0.5982
  32.000       0.4747
  33.000       0.3740
  34.000       0.3191
  35.000       0.3096
  36.000       0.3270
  37.000       0.3221
  38.000       0.3403
  39.000       0.4067
  40.000       0.3916
  41.000       0.3968
  42.000       0.3865
  43.000       0.4023
  44.000       0.4538
  45.000       0.4733
  46.000       0.4460
  47.000       0.3779
  48.000       0.3390
  49.000       0.3851
  50.000       0.4357
  51.000       0.3788
  52.000       0.3556
  53.000       0.3430
  54.000       0.3918
  55.000       0.3973
  56.000       0.3968
  57.000       0.4675
  58.000       0.5665
  59.000       0.5516
  60.000       0.5624
  61.000       0.4471
  62.000       0.3910
  63.000       0.3402
  64.000       0.3085
  65.000       0.3862
  66.000       0.4120
  67.000       0.4132
  68.000       0.4256
  69.000       0.4673
  70.000       0.4204
  71.000       0.4082
  72.000       0.3716
  73.000       0.3483
  74.000       0.3692
  75.000       0.3479
  76.000       0.3333
  77.000       0.3491
  78.000       0.3674
  79.000       0.3448
  80.000       0.3376
  81.000       0.3382
  82.000       0.3376
  83.000       0.3488
  84.000       0.3743
  85.000       0.3964
  86.000       0.3738
  87.000       0.3987
  88.000       0.5142
  89.000       0.4569
  90.000       0.4059
  91.000       0.4454
  92.000       0.5460
  93.000       0.5591
  94.000       0.5475
  95.000       0.6378
  96.000       0.6492
  97.000       0.6266
  98.000       0.4742
  99.000       0.3747
 100.000       0.3427
 101.000       0.3452
 102.000       0.3062
 103.000       0.2985
 104.000       0.3134
 105.000       0.3191
 106.000       0.2966
 107.000       0.3167
 108.000       0.3348
 109.000       0.3305
 110.000       0.3106
 111.000       0.3239
 112.000       0.3379
 113.000       0.3394
 114.000       0.3510
 115.000       0.3530
 116.000       0.3480
 117.000       0.3614
 118.000       0.3863
 119.000       0.4503
 120.000       0.4867
 121.000       0.4271
 122.000       0.4307
 123.000       0.4817
 124.000       0.4204
 125.000       0.4181
 126.000       0.3962
 127.000       0.3703
 128.000       0.3611
 129.000       0.3298
 130.000       0.3182
 131.000       0.3065
 132.000       0.3401
 133.000       0.3284
 134.000       0.3475
 135.000       0.3721
 136.000       0.4007
 137.000       0.3968
 138.000       0.4228
 139.000       0.6287
 140.000       0.7132
 141.000       0.6615
 142.000       0.8543
 143.000       0.9806
 144.000       0.8678
 145.000       0.9114
 146.000       1.0024
 147.000       0.9404
 148.000       0.9995
 149.000       0.9930
 150.000       0.6079
 151.000       0.4436
 152.000       0.3874
 153.000       0.3412
 154.000       0.3355
 155.000       0.3311
 156.000       0.3142
 157.000       0.3392
 158.000       0.4131
 159.000       0.5257
 160.000       0.5277
 161.000       0.4124
 162.000       0.3911
 163.000       0.3481
 164.000       0.3640
 165.000       0.3923
 166.000       0.3922
 167.000       0.3919
 168.000       0.4248
 169.000       0.4342
 170.000       0.4476
 171.000       0.5057
 172.000       0.4740
 173.000       0.4442
 174.000       0.5772
 175.000       0.5073
 176.000       0.4352
 177.000       0.4014
 178.000       0.3786
 179.000       0.3578
 180.000       0.3191
 181.000       0.3051
 182.000       0.3204
 183.000       0.3209
 184.000       0.4345
 185.000       0.5372
 186.000       0.6039
 187.000       1.0209
 188.000       1.2804
 189.000       0.5493
 190.000       0.4428
 191.000       0.4986
 192.000       0.4727
 193.000       0.4069
 194.000       0.5214
 195.000       0.5428
 196.000       0.5169
 197.000       0.4955
 198.000       0.5104
 199.000       0.4872
 200.000       0.3737
 201.000       0.3300
 202.000       0.3240
 203.000       0.3666
 204.000       0.3720
 205.000       0.4287
 206.000       0.4906
 207.000       0.4662
 208.000       0.3680
 209.000       0.3601
 210.000       0.3572
 211.000       0.3764
 212.000       0.3922
 213.000       0.4453
 214.000       0.4996
 215.000       0.5191
 216.000       0.4940
 217.000       0.6067
 218.000       0.7554
 219.000       0.8687
 220.000       0.5999
 221.000       0.5095
 222.000       0.4449
 223.000       0.4666
 224.000       0.5015
 225.000       0.5297
 226.000       0.4653
 227.000       0.3804
 228.000       0.3499
 229.000       0.3674
 230.000       0.3668
 231.000       0.3844
 232.000       0.3922
 233.000       0.3671
 234.000       0.3638
 235.000       0.3739
 236.000       0.3729
 237.000       0.3932
 238.000       0.3856
 239.000       0.3822
 240.000       0.3976
 241.000       0.4664
 242.000       0.5920
 243.000       0.6299
 244.000       0.6352
 245.000       0.8218
 246.000       0.7157
 247.000       0.4761
 248.000       0.4320
 249.000       0.5647
 250.000       0.6729
 251.000       0.6822
 252.000       0.6042
 253.000       0.6537
 254.000       0.7798
 255.000       0.9614
 256.000       1.0351
 257.000       0.7210
 258.000       0.5516
 259.000       0.5590
 260.000       0.5303
 261.000       0.5144
 262.000       0.4577
 263.000       0.4162
 264.000       0.5113
 265.000       0.5911
 266.000       0.5384
 267.000       0.6137
 268.000       0.7165
 269.000       0.6993
 270.000       0.5390
 271.000       0.5223
 272.000       0.5869
 273.000       0.5430
 274.000       0.4953
 275.000       0.6173
 276.000       0.6822
 277.000       0.5819
 278.000       0.6029
 279.000       0.7315
 280.000       0.7156
 281.000       0.6836
 282.000       0.7923
 283.000       0.8147
 284.000       0.6366
 285.000       0.6212
 286.000       0.8174
 287.000       0.8272
 288.000       0.7235
 289.000       0.6285
 290.000       0.6129
 291.000       0.5601
 292.000       0.5798
 293.000       0.4843
 294.000       0.3947
 295.000       0.4151
 296.000       0.4569
 297.000       0.4447
 298.000       0.4660
 299.000       0.5850
 300.000       0.5340
 301.000       0.4967
 302.000       0.5779
 303.000       0.6879
 304.000       0.5780
 305.000       0.7352
 306.000       1.3053
 307.000       1.2170
 308.000       0.8019
 309.000       0.6560
 310.000       0.5090
 311.000       0.5679
 312.000       0.8101
 313.000       1.6039
 314.000       3.1631
 315.000       5.5736
 316.000       8.0959
