#Res        AtomicFlx
   1.000       0.6198
   2.000       0.5575
   3.000       0.8306
   4.000       0.9601
   5.000       0.7474
   6.000       0.5358
   7.000       0.5274
   8.000       0.6129
   9.000       0.5654
  10.000       0.5880
  11.000       0.6436
  12.000       0.7026
  13.000       0.7329
  14.000       0.7712
  15.000       0.6691
  16.000       0.5706
  17.000       0.7156
  18.000       0.8309
  19.000       0.7224
  20.000       0.5613
  21.000       0.4505
  22.000       0.4422
  23.000       0.4795
  24.000       0.6721
  25.000       0.6813
  26.000       0.7148
  27.000       0.6915
  28.000       0.7464
  29.000       0.6842
  30.000       0.6006
  31.000       0.5936
  32.000       0.4726
  33.000       0.3716
  34.000       0.3188
  35.000       0.3122
  36.000       0.3321
  37.000       0.3306
  38.000       0.3562
  39.000       0.4176
  40.000       0.4225
  41.000       0.5300
  42.000       0.6304
  43.000       0.5433
  44.000       0.5011
  45.000       0.4889
  46.000       0.5204
  47.000       0.4570
  48.000       0.3877
  49.000       0.4340
  50.000       0.5013
  51.000       0.4256
  52.000       0.3812
  53.000       0.3695
  54.000       0.4240
  55.000       0.4227
  56.000       0.4102
  57.000       0.4783
  58.000       0.5743
  59.000       0.5653
  60.000       0.5860
  61.000       0.4590
  62.000       0.3997
  63.000       0.3455
  64.000       0.3156
  65.000       0.3883
  66.000       0.4477
  67.000       0.5589
  68.000       0.5170
  69.000       0.5586
  70.000       0.5153
  71.000       0.5887
  72.000       0.5700
  73.000       0.4970
  74.000       0.4318
  75.000       0.3657
  76.000       0.3429
  77.000       0.3452
  78.000       0.3604
  79.000       0.3489
  80.000       0.3354
  81.000       0.3377
  82.000       0.3424
  83.000       0.3525
  84.000       0.3641
  85.000       0.3827
  86.000       0.3681
  87.000       0.3778
  88.000       0.4610
  89.000       0.4251
  90.000       0.3877
  91.000       0.4188
  92.000       0.5209
  93.000       0.5425
  94.000       0.5318
  95.000       0.6179
  96.000       0.6126
  97.000       0.5676
  98.000       0.4285
  99.000       0.3909
 100.000       0.3383
 101.000       0.3436
 102.000       0.3058
 103.000       0.2915
 104.000       0.3022
 105.000       0.3228
 106.000       0.3117
 107.000       0.3210
 108.000       0.3364
 109.000       0.3322
 110.000       0.3181
 111.000       0.3259
 112.000       0.3360
 113.000       0.3359
 114.000       0.3430
 115.000       0.3465
 116.000       0.3424
 117.000       0.3514
 118.000       0.3746
 119.000       0.4292
 120.000       0.4668
 121.000       0.4124
 122.000       0.4204
 123.000       0.4784
 124.000       0.4026
 125.000       0.3946
 126.000       0.3758
 127.000       0.3567
 128.000       0.3473
 129.000       0.3188
 130.000       0.3145
 131.000       0.3082
 132.000       0.3371
 133.000       0.3309
 134.000       0.3427
 135.000       0.3543
 136.000       0.3766
 137.000       0.3903
 138.000       0.4022
 139.000       0.5613
 140.000       0.6989
 141.000       0.9597
 142.000       1.9498
 143.000       1.9881
 144.000       1.5879
 145.000       1.6880
 146.000       1.6650
 147.000       1.2808
 148.000       1.1237
 149.000       0.9269
 150.000       0.8161
 151.000       0.6255
 152.000       0.4474
 153.000       0.3852
 154.000       0.3743
 155.000       0.3662
 156.000       0.3353
 157.000       0.3440
 158.000       0.4312
 159.000       0.5889
 160.000       0.5124
 161.000       0.3767
 162.000       0.3461
 163.000       0.3280
 164.000       0.3547
 165.000       0.3669
 166.000       0.3595
 167.000       0.3731
 168.000       0.4088
 169.000       0.4189
 170.000       0.4352
 171.000       0.5098
 172.000       0.4708
 173.000       0.4313
 174.000       0.5715
 175.000       0.5356
 176.000       0.4491
 177.000       0.3932
 178.000       0.3640
 179.000       0.3344
 180.000       0.3007
 181.000       0.3004
 182.000       0.3130
 183.000       0.3137
 184.000       0.3656
 185.000       0.4184
 186.000       0.4952
 187.000       0.6125
 188.000       0.6510
 189.000       0.5370
 190.000       0.4423
 191.000       0.4288
 192.000       0.4890
 193.000       0.4119
 194.000       0.5276
 195.000       0.5719
 196.000       0.5508
 197.000       0.5169
 198.000       0.4968
 199.000       0.4743
 200.000       0.3726
 201.000       0.3274
 202.000       0.3260
 203.000       0.3868
 204.000       0.3761
 205.000       0.4212
 206.000       0.4820
 207.000       0.4622
 208.000       0.3656
 209.000       0.3664
 210.000       0.3614
 211.000       0.3804
 212.000       0.3907
 213.000       0.4318
 214.000       0.4830
 215.000       0.4965
 216.000       0.5091
 217.000       0.6359
 218.000       0.8155
 219.000       0.9092
 220.000       0.6491
 221.000       0.5377
 222.000       0.4636
 223.000       0.4598
 224.000       0.5393
 225.000       0.4575
 226.000       0.4069
 227.000       0.3803
 228.000       0.3577
 229.000       0.3765
 230.000       0.3721
 231.000       0.3932
 232.000       0.3940
 233.000       0.3704
 234.000       0.3692
 235.000       0.3693
 236.000       0.3648
 237.000       0.3870
 238.000       0.3854
 239.000       0.3768
 240.000       0.3925
 241.000       0.4605
 242.000       0.5279
 243.000       0.4951
 244.000       0.5801
 245.000       0.4809
 246.000       0.4049
 247.000       0.4056
 248.000       0.4215
 249.000       0.5459
 250.000       0.6629
 251.000       0.7083
 252.000       0.6389
 253.000       0.6972
 254.000       0.7858
 255.000       0.9243
 256.000       0.9872
 257.000       0.7060
 258.000       0.5551
 259.000       0.5711
 260.000       0.5408
 261.000       0.5138
 262.000       0.4755
 263.000       0.4474
 264.000       0.5490
 265.000       0.6454
 266.000       0.6107
 267.000       0.7122
 268.000       0.8188
 269.000       0.7991
 270.000       0.6359
 271.000       0.6131
 272.000       0.6940
 273.000       0.6497
 274.000       0.5800
 275.000       0.7052
 276.000       0.7903
 277.000       0.7520
 278.000       1.0212
 279.000       1.2194
 280.000       1.1813
 281.000       1.2390
 282.000       1.1740
 283.000       1.0929
 284.000       0.8689
 285.000       0.8899
 286.000       1.1281
 287.000       1.0992
 288.000       0.9024
 289.000       0.7888
 290.000       0.8994
 291.000       0.7190
 292.000       0.6997
 293.000       0.5432
 294.000       0.4155
 295.000       0.4044
 296.000       0.4324
 297.000       0.4073
 298.000       0.4557
 299.000       0.5672
 300.000       0.5036
 301.000       0.4594
 302.000       0.5207
 303.000       0.5965
 304.000       0.5361
 305.000       0.5888
 306.000       1.1559
 307.000       1.1702
 308.000       0.7829
 309.000       0.7406
 310.000       0.5672
 311.000       0.5919
 312.000       0.8376
 313.000       1.4851
 314.000       1.8327
 315.000       3.1295
 316.000       5.1444
