#Res        AtomicFlx
   1.000       0.7292
   2.000       0.8203
   3.000       1.4699
   4.000       1.4424
   5.000       0.8670
   6.000       0.5607
   7.000       0.5344
   8.000       0.6159
   9.000       0.5648
  10.000       0.6106
  11.000       0.6692
  12.000       0.7027
  13.000       0.6940
  14.000       0.7134
  15.000       0.6135
  16.000       0.5097
  17.000       0.5845
  18.000       0.6450
  19.000       0.5340
  20.000       0.4478
  21.000       0.4082
  22.000       0.4318
  23.000       0.4928
  24.000       0.6875
  25.000       0.7011
  26.000       0.7251
  27.000       0.6937
  28.000       0.7822
  29.000       0.7208
  30.000       0.6271
  31.000       0.5938
  32.000       0.4598
  33.000       0.3662
  34.000       0.3150
  35.000       0.3030
  36.000       0.3208
  37.000       0.3114
  38.000       0.3355
  39.000       0.3806
  40.000       0.3698
  41.000       0.3877
  42.000       0.3976
  43.000       0.4587
  44.000       0.5877
  45.000       0.5400
  46.000       0.4704
  47.000       0.3956
  48.000       0.3439
  49.000       0.3818
  50.000       0.4145
  51.000       0.3652
  52.000       0.3533
  53.000       0.3553
  54.000       0.4086
  55.000       0.4104
  56.000       0.4130
  57.000       0.5218
  58.000       0.6118
  59.000       0.5870
  60.000       0.6044
  61.000       0.4556
  62.000       0.3968
  63.000       0.3488
  64.000       0.3136
  65.000       0.3845
  66.000       0.4703
  67.000       0.4925
  68.000       0.5162
  69.000       0.5652
  70.000       0.4618
  71.000       0.4167
  72.000       0.3691
  73.000       0.3523
  74.000       0.3750
  75.000       0.3449
  76.000       0.3304
  77.000       0.3487
  78.000       0.3721
  79.000       0.3498
  80.000       0.3426
  81.000       0.3457
  82.000       0.3608
  83.000       0.3674
  84.000       0.3704
  85.000       0.3882
  86.000       0.3818
  87.000       0.3913
  88.000       0.4748
  89.000       0.4453
  90.000       0.4034
  91.000       0.4305
  92.000       0.5308
  93.000       0.5470
  94.000       0.5306
  95.000       0.6169
  96.000       0.6273
  97.000       0.5977
  98.000       0.4649
  99.000       0.4071
 100.000       0.3509
 101.000       0.3405
 102.000       0.3016
 103.000       0.2926
 104.000       0.2961
 105.000       0.2912
 106.000       0.2877
 107.000       0.3176
 108.000       0.3374
 109.000       0.3324
 110.000       0.3112
 111.000       0.3216
 112.000       0.3417
 113.000       0.3372
 114.000       0.3386
 115.000       0.3460
 116.000       0.3483
 117.000       0.3675
 118.000       0.3903
 119.000       0.4755
 120.000       0.5089
 121.000       0.4145
 122.000       0.4259
 123.000       0.4810
 124.000       0.4143
 125.000       0.4073
 126.000       0.3753
 127.000       0.3454
 128.000       0.3326
 129.000       0.3175
 130.000       0.3131
 131.000       0.2955
 132.000       0.3134
 133.000       0.3164
 134.000       0.3344
 135.000       0.3672
 136.000       0.4053
 137.000       0.3939
 138.000       0.3693
 139.000       0.5204
 140.000       0.6393
 141.000       0.8561
 142.000       1.0230
 143.000       0.8919
 144.000       0.7605
 145.000       0.7706
 146.000       0.8472
 147.000       1.0020
 148.000       1.3749
 149.000       0.9451
 150.000       0.6008
 151.000       0.4545
 152.000       0.3891
 153.000       0.3403
 154.000       0.3380
 155.000       0.3311
 156.000       0.3171
 157.000       0.3279
 158.000       0.3713
 159.000       0.4665
 160.000       0.4981
 161.000       0.3776
 162.000       0.3442
 163.000       0.3189
 164.000       0.3501
 165.000       0.3641
 166.000       0.3558
 167.000       0.3715
 168.000       0.4156
 169.000       0.4178
 170.000       0.4359
 171.000       0.5072
 172.000       0.4601
 173.000       0.4415
 174.000       0.5015
 175.000       0.5523
 176.000       0.4666
 177.000       0.3889
 178.000       0.3674
 179.000       0.3717
 180.000       0.3151
 181.000       0.3032
 182.000       0.3022
 183.000       0.3005
 184.000       0.3456
 185.000       0.4181
 186.000       0.4627
 187.000       0.5317
 188.000       0.5746
 189.000       0.4210
 190.000       0.3780
 191.000       0.4924
 192.000       0.5485
 193.000       0.4027
 194.000       0.4917
 195.000       0.5286
 196.000       0.5105
 197.000       0.4921
 198.000       0.5342
 199.000       0.5239
 200.000       0.3974
 201.000       0.3499
 202.000       0.3428
 203.000       0.4029
 204.000       0.4155
 205.000       0.4449
 206.000       0.4884
 207.000       0.4814
 208.000       0.3622
 209.000       0.3549
 210.000       0.3598
 211.000       0.3744
 212.000       0.3857
 213.000       0.4344
 214.000       0.4850
 215.000       0.5070
 216.000       0.5090
 217.000       0.6326
 218.000       0.7845
 219.000       0.9204
 220.000       0.6239
 221.000       0.5075
 222.000       0.4141
 223.000       0.3916
 224.000       0.3971
 225.000       0.4333
 226.000       0.3817
 227.000       0.3333
 228.000       0.3215
 229.000       0.3376
 230.000       0.3416
 231.000       0.3751
 232.000       0.3915
 233.000       0.3574
 234.000       0.3553
 235.000       0.3647
 236.000       0.3602
 237.000       0.3856
 238.000       0.3819
 239.000       0.3720
 240.000       0.3894
 241.000       0.4505
 242.000       0.5075
 243.000       0.5005
 244.000       0.6239
 245.000       0.7068
 246.000       0.5549
 247.000       0.4955
 248.000       0.4532
 249.000       0.6097
 250.000       0.7396
 251.000       0.7291
 252.000       0.6388
 253.000       0.6834
 254.000       0.8218
 255.000       0.9836
 256.000       1.0557
 257.000       0.7542
 258.000       0.5727
 259.000       0.5759
 260.000       0.5227
 261.000       0.4887
 262.000       0.4297
 263.000       0.4058
 264.000       0.5098
 265.000       0.5916
 266.000       0.5327
 267.000       0.5961
 268.000       0.6837
 269.000       0.6621
 270.000       0.5132
 271.000       0.4940
 272.000       0.5474
 273.000       0.5077
 274.000       0.4582
 275.000       0.5887
 276.000       0.6823
 277.000       0.5213
 278.000       0.4908
 279.000       0.6038
 280.000       0.6049
 281.000       0.4863
 282.000       0.4848
 283.000       0.5434
 284.000       0.4798
 285.000       0.4692
 286.000       0.6016
 287.000       0.7058
 288.000       0.7420
 289.000       0.8533
 290.000       0.9824
 291.000       0.6403
 292.000       0.6686
 293.000       0.4891
 294.000       0.3876
 295.000       0.3938
 296.000       0.4228
 297.000       0.4113
 298.000       0.4496
 299.000       0.5586
 300.000       0.5134
 301.000       0.4662
 302.000       0.5274
 303.000       0.5839
 304.000       0.4880
 305.000       0.5128
 306.000       0.6719
 307.000       0.7635
 308.000       0.6290
 309.000       0.5865
 310.000       0.4796
 311.000       0.5337
 312.000       0.6917
 313.000       0.7373
 314.000       0.7893
 315.000       0.7804
 316.000       1.2631
 317.000       0.5670
