#Res        AtomicFlx
   1.000       0.7409
   2.000       0.8001
   3.000       1.3557
   4.000       1.4266
   5.000       0.8745
   6.000       0.5593
   7.000       0.5420
   8.000       0.6210
   9.000       0.5717
  10.000       0.6032
  11.000       0.6879
  12.000       0.7205
  13.000       0.7614
  14.000       0.8150
  15.000       0.6907
  16.000       0.6000
  17.000       0.7799
  18.000       0.9043
  19.000       0.7722
  20.000       0.6070
  21.000       0.4934
  22.000       0.4537
  23.000       0.4761
  24.000       0.6682
  25.000       0.6635
  26.000       0.7104
  27.000       0.6871
  28.000       0.7496
  29.000       0.6989
  30.000       0.6089
  31.000       0.5977
  32.000       0.4636
  33.000       0.3658
  34.000       0.3150
  35.000       0.3100
  36.000       0.3173
  37.000       0.3130
  38.000       0.3377
  39.000       0.3829
  40.000       0.3755
  41.000       0.4040
  42.000       0.4068
  43.000       0.4370
  44.000       0.4466
  45.000       0.4850
  46.000       0.4657
  47.000       0.4117
  48.000       0.3565
  49.000       0.4063
  50.000       0.4603
  51.000       0.3938
  52.000       0.3621
  53.000       0.3491
  54.000       0.3984
  55.000       0.4029
  56.000       0.3954
  57.000       0.4563
  58.000       0.5550
  59.000       0.5571
  60.000       0.5714
  61.000       0.4420
  62.000       0.3867
  63.000       0.3372
  64.000       0.3080
  65.000       0.3786
  66.000       0.4078
  67.000       0.4374
  68.000       0.4444
  69.000       0.4915
  70.000       0.4363
  71.000       0.4280
  72.000       0.3968
  73.000       0.3810
  74.000       0.4198
  75.000       0.3720
  76.000       0.3418
  77.000       0.3467
  78.000       0.3731
  79.000       0.3601
  80.000       0.3408
  81.000       0.3265
  82.000       0.3373
  83.000       0.3437
  84.000       0.3639
  85.000       0.3939
  86.000       0.3741
  87.000       0.3781
  88.000       0.4630
  89.000       0.4361
  90.000       0.3940
  91.000       0.4124
  92.000       0.5047
  93.000       0.5216
  94.000       0.5099
  95.000       0.5892
  96.000       0.5776
  97.000       0.5415
  98.000       0.4167
  99.000       0.3739
 100.000       0.3370
 101.000       0.3611
 102.000       0.3267
 103.000       0.3030
 104.000       0.3231
 105.000       0.3163
 106.000       0.3037
 107.000       0.3238
 108.000       0.3375
 109.000       0.3392
 110.000       0.3229
 111.000       0.3358
 112.000       0.3565
 113.000       0.3475
 114.000       0.3432
 115.000       0.3509
 116.000       0.3528
 117.000       0.3617
 118.000       0.3803
 119.000       0.4547
 120.000       0.4795
 121.000       0.4106
 122.000       0.4241
 123.000       0.4638
 124.000       0.4025
 125.000       0.4055
 126.000       0.3833
 127.000       0.3535
 128.000       0.3390
 129.000       0.3249
 130.000       0.3166
 131.000       0.3042
 132.000       0.3244
 133.000       0.3211
 134.000       0.3427
 135.000       0.3729
 136.000       0.4082
 137.000       0.4059
 138.000       0.4084
 139.000       0.6381
 140.000       0.7864
 141.000       1.0462
 142.000       1.4530
 143.000       1.7920
 144.000       1.7452
 145.000       1.9089
 146.000       2.4507
 147.000       2.4063
 148.000       2.0915
 149.000       1.3024
 150.000       0.7345
 151.000       0.5158
 152.000       0.4466
 153.000       0.3716
 154.000       0.3775
 155.000       0.3637
 156.000       0.3363
 157.000       0.3656
 158.000       0.4618
 159.000       0.5664
 160.000       0.5669
 161.000       0.4183
 162.000       0.3704
 163.000       0.3405
 164.000       0.3710
 165.000       0.3890
 166.000       0.3765
 167.000       0.3898
 168.000       0.4365
 169.000       0.4405
 170.000       0.4548
 171.000       0.5228
 172.000       0.4764
 173.000       0.4518
 174.000       0.4939
 175.000       0.5266
 176.000       0.4679
 177.000       0.3986
 178.000       0.3723
 179.000       0.3593
 180.000       0.3166
 181.000       0.3028
 182.000       0.3085
 183.000       0.3121
 184.000       0.4012
 185.000       0.4978
 186.000       0.5643
 187.000       0.6866
 188.000       0.8202
 189.000       0.4863
 190.000       0.3997
 191.000       0.5136
 192.000       0.5100
 193.000       0.4206
 194.000       0.5164
 195.000       0.5517
 196.000       0.5215
 197.000       0.4879
 198.000       0.5046
 199.000       0.5019
 200.000       0.3833
 201.000       0.3283
 202.000       0.3165
 203.000       0.3583
 204.000       0.3647
 205.000       0.4151
 206.000       0.4812
 207.000       0.4753
 208.000       0.3645
 209.000       0.3571
 210.000       0.3658
 211.000       0.3917
 212.000       0.4042
 213.000       0.4611
 214.000       0.5150
 215.000       0.5232
 216.000       0.5243
 217.000       0.6542
 218.000       0.8281
 219.000       0.9654
 220.000       0.6677
 221.000       0.5427
 222.000       0.4384
 223.000       0.4357
 224.000       0.4273
 225.000       0.4682
 226.000       0.4215
 227.000       0.3653
 228.000       0.3451
 229.000       0.3560
 230.000       0.3576
 231.000       0.3847
 232.000       0.3962
 233.000       0.3686
 234.000       0.3657
 235.000       0.3742
 236.000       0.3655
 237.000       0.3890
 238.000       0.3850
 239.000       0.3718
 240.000       0.3856
 241.000       0.4451
 242.000       0.5032
 243.000       0.5021
 244.000       0.6176
 245.000       0.7101
 246.000       0.5553
 247.000       0.4934
 248.000       0.4413
 249.000       0.5695
 250.000       0.6635
 251.000       0.7040
 252.000       0.6245
 253.000       0.6902
 254.000       0.8171
 255.000       0.9682
 256.000       1.0640
 257.000       0.8021
 258.000       0.6006
 259.000       0.5894
 260.000       0.5345
 261.000       0.5079
 262.000       0.4508
 263.000       0.4193
 264.000       0.5149
 265.000       0.5996
 266.000       0.5450
 267.000       0.6171
 268.000       0.7173
 269.000       0.7074
 270.000       0.5492
 271.000       0.5305
 272.000       0.6039
 273.000       0.5686
 274.000       0.5250
 275.000       0.7216
 276.000       0.8213
 277.000       0.7321
 278.000       0.7116
 279.000       0.8512
 280.000       0.7660
 281.000       0.6520
 282.000       0.7861
 283.000       0.8164
 284.000       0.6274
 285.000       0.6597
 286.000       0.9294
 287.000       0.9547
 288.000       0.8550
 289.000       0.8211
 290.000       0.8440
 291.000       0.5941
 292.000       0.6344
 293.000       0.5098
 294.000       0.4200
 295.000       0.4148
 296.000       0.4432
 297.000       0.4248
 298.000       0.4578
 299.000       0.5580
 300.000       0.5259
 301.000       0.4843
 302.000       0.5406
 303.000       0.5930
 304.000       0.5028
 305.000       0.5244
 306.000       0.6875
 307.000       0.7700
 308.000       0.6557
 309.000       0.6192
 310.000       0.5236
 311.000       0.5742
 312.000       0.7255
 313.000       0.7799
 314.000       0.8329
 315.000       0.7911
 316.000       1.2376
 317.000       1.6311
