#Res        AtomicFlx
   1.000       0.7369
   2.000       0.9449
   3.000       1.6918
   4.000       1.5733
   5.000       0.9389
   6.000       0.6038
   7.000       0.5796
   8.000       0.6609
   9.000       0.6298
  10.000       0.6962
  11.000       0.7839
  12.000       0.8124
  13.000       0.7616
  14.000       0.8157
  15.000       0.7518
  16.000       0.6176
  17.000       0.6377
  18.000       0.7958
  19.000       0.9779
  20.000       0.5561
  21.000       0.4815
  22.000       0.4959
  23.000       0.5605
  24.000       0.7762
  25.000       0.7937
  26.000       0.7928
  27.000       0.7445
  28.000       0.8412
  29.000       0.7933
  30.000       0.6924
  31.000       0.6293
  32.000       0.4842
  33.000       0.3931
  34.000       0.3414
  35.000       0.3312
  36.000       0.3696
  37.000       0.3701
  38.000       0.4152
  39.000       0.4271
  40.000       0.4224
  41.000       0.4516
  42.000       0.5004
  43.000       0.6020
  44.000       0.6488
  45.000       0.6074
  46.000       0.5769
  47.000       0.5389
  48.000       0.4569
  49.000       0.5116
  50.000       0.5518
  51.000       0.4633
  52.000       0.4106
  53.000       0.4300
  54.000       0.4915
  55.000       0.4587
  56.000       0.4369
  57.000       0.5182
  58.000       0.6136
  59.000       0.6077
  60.000       0.6110
  61.000       0.4643
  62.000       0.4128
  63.000       0.3678
  64.000       0.3388
  65.000       0.4050
  66.000       0.5571
  67.000       0.6711
  68.000       0.6480
  69.000       0.7581
  70.000       0.5865
  71.000       0.5189
  72.000       0.5135
  73.000       0.4196
  74.000       0.4635
  75.000       0.4071
  76.000       0.3868
  77.000       0.3903
  78.000       0.4638
  79.000       0.4740
  80.000       0.4038
  81.000       0.3914
  82.000       0.4024
  83.000       0.4041
  84.000       0.3824
  85.000       0.3911
  86.000       0.4066
  87.000       0.4150
  88.000       0.4571
  89.000       0.4589
  90.000       0.4470
  91.000       0.4623
  92.000       0.5819
  93.000       0.6673
  94.000       0.6632
  95.000       0.7163
  96.000       0.6891
  97.000       0.6098
  98.000       0.4604
  99.000       0.4106
 100.000       0.3518
 101.000       0.3502
 102.000       0.3129
 103.000       0.3018
 104.000       0.3086
 105.000       0.3056
 106.000       0.3061
 107.000       0.3288
 108.000       0.3433
 109.000       0.3367
 110.000       0.3288
 111.000       0.3475
 112.000       0.3500
 113.000       0.3460
 114.000       0.3541
 115.000       0.3569
 116.000       0.3543
 117.000       0.3795
 118.000       0.4044
 119.000       0.4666
 120.000       0.4828
 121.000       0.4140
 122.000       0.4319
 123.000       0.5057
 124.000       0.4146
 125.000       0.4039
 126.000       0.3877
 127.000       0.3683
 128.000       0.3835
 129.000       0.3458
 130.000       0.3277
 131.000       0.3157
 132.000       0.3361
 133.000       0.3303
 134.000       0.3493
 135.000       0.3873
 136.000       0.4174
 137.000       0.4021
 138.000       0.3834
 139.000       0.5697
 140.000       0.7347
 141.000       1.0210
 142.000       1.2725
 143.000       1.0588
 144.000       0.9668
 145.000       1.0239
 146.000       1.0560
 147.000       1.0672
 148.000       1.4606
 149.000       1.1532
 150.000       0.6979
 151.000       0.5020
 152.000       0.4659
 153.000       0.4155
 154.000       0.3836
 155.000       0.3547
 156.000       0.3293
 157.000       0.3437
 158.000       0.3870
 159.000       0.4892
 160.000       0.5121
 161.000       0.3814
 162.000       0.3508
 163.000       0.3286
 164.000       0.3541
 165.000       0.3696
 166.000       0.3681
 167.000       0.3876
 168.000       0.4286
 169.000       0.4316
 170.000       0.4479
 171.000       0.5162
 172.000       0.4829
 173.000       0.4627
 174.000       0.6121
 175.000       0.6528
 176.000       0.5096
 177.000       0.4245
 178.000       0.3893
 179.000       0.3927
 180.000       0.3399
 181.000       0.3115
 182.000       0.3105
 183.000       0.3080
 184.000       0.3565
 185.000       0.4335
 186.000       0.4743
 187.000       0.5759
 188.000       0.6242
 189.000       0.4741
 190.000       0.3989
 191.000       0.5183
 192.000       0.5878
 193.000       0.4128
 194.000       0.4861
 195.000       0.5528
 196.000       0.5405
 197.000       0.4891
 198.000       0.5187
 199.000       0.5114
 200.000       0.3781
 201.000       0.3297
 202.000       0.3197
 203.000       0.3632
 204.000       0.3830
 205.000       0.4661
 206.000       0.5943
 207.000       0.5413
 208.000       0.4005
 209.000       0.3653
 210.000       0.3664
 211.000       0.3859
 212.000       0.3989
 213.000       0.4433
 214.000       0.4951
 215.000       0.5207
 216.000       0.5355
 217.000       0.6565
 218.000       0.8110
 219.000       0.9668
 220.000       0.6604
 221.000       0.5312
 222.000       0.4335
 223.000       0.4199
 224.000       0.4428
 225.000       0.4697
 226.000       0.4131
 227.000       0.3670
 228.000       0.3568
 229.000       0.3733
 230.000       0.3735
 231.000       0.4078
 232.000       0.4191
 233.000       0.3843
 234.000       0.3798
 235.000       0.3841
 236.000       0.3768
 237.000       0.4099
 238.000       0.4066
 239.000       0.3937
 240.000       0.4287
 241.000       0.4865
 242.000       0.5369
 243.000       0.5381
 244.000       0.6841
 245.000       0.9205
 246.000       0.8874
 247.000       0.6518
 248.000       0.4890
 249.000       0.6229
 250.000       0.7222
 251.000       0.7808
 252.000       0.6997
 253.000       0.7093
 254.000       0.8321
 255.000       0.9884
 256.000       1.0939
 257.000       0.8316
 258.000       0.6260
 259.000       0.6284
 260.000       0.5725
 261.000       0.5297
 262.000       0.4618
 263.000       0.4446
 264.000       0.5547
 265.000       0.6561
 266.000       0.6093
 267.000       0.6938
 268.000       0.7789
 269.000       0.7686
 270.000       0.5987
 271.000       0.5556
 272.000       0.6153
 273.000       0.5880
 274.000       0.5361
 275.000       0.6879
 276.000       0.8074
 277.000       0.6733
 278.000       0.6059
 279.000       0.6841
 280.000       0.6718
 281.000       0.6395
 282.000       0.6682
 283.000       0.6563
 284.000       0.5528
 285.000       0.5826
 286.000       0.7702
 287.000       0.8478
 288.000       0.8639
 289.000       0.8759
 290.000       0.9587
 291.000       0.6816
 292.000       0.6876
 293.000       0.5012
 294.000       0.3964
 295.000       0.4095
 296.000       0.4299
 297.000       0.4297
 298.000       0.4770
 299.000       0.5894
 300.000       0.5531
 301.000       0.4921
 302.000       0.5548
 303.000       0.6166
 304.000       0.5244
 305.000       0.5488
 306.000       0.7316
 307.000       0.7854
 308.000       0.6447
 309.000       0.5841
 310.000       0.4822
 311.000       0.5432
 312.000       0.6751
 313.000       0.7220
 314.000       0.7923
 315.000       0.7878
 316.000       1.2669
 317.000       0.5858
