#Res        AtomicFlx
   1.000       0.6449
   2.000       0.5724
   3.000       0.7574
   4.000       0.9858
   5.000       0.7441
   6.000       0.5465
   7.000       0.5460
   8.000       0.6163
   9.000       0.5574
  10.000       0.6010
  11.000       0.6879
  12.000       0.7326
  13.000       0.7293
  14.000       0.7748
  15.000       0.6704
  16.000       0.5731
  17.000       0.7171
  18.000       0.8306
  19.000       0.7159
  20.000       0.5640
  21.000       0.4485
  22.000       0.4352
  23.000       0.4780
  24.000       0.6757
  25.000       0.6732
  26.000       0.7180
  27.000       0.6925
  28.000       0.7456
  29.000       0.6547
  30.000       0.5625
  31.000       0.5713
  32.000       0.4528
  33.000       0.3625
  34.000       0.3164
  35.000       0.3070
  36.000       0.3156
  37.000       0.3114
  38.000       0.3340
  39.000       0.3741
  40.000       0.3674
  41.000       0.3785
  42.000       0.3898
  43.000       0.4139
  44.000       0.4688
  45.000       0.4623
  46.000       0.4345
  47.000       0.3895
  48.000       0.3442
  49.000       0.3876
  50.000       0.4366
  51.000       0.3777
  52.000       0.3556
  53.000       0.3447
  54.000       0.3949
  55.000       0.4064
  56.000       0.4120
  57.000       0.4845
  58.000       0.5926
  59.000       0.5939
  60.000       0.5997
  61.000       0.4553
  62.000       0.3855
  63.000       0.3335
  64.000       0.2996
  65.000       0.3676
  66.000       0.4009
  67.000       0.4486
  68.000       0.4446
  69.000       0.4843
  70.000       0.4320
  71.000       0.4230
  72.000       0.4017
  73.000       0.3763
  74.000       0.3965
  75.000       0.3524
  76.000       0.3343
  77.000       0.3390
  78.000       0.3563
  79.000       0.3445
  80.000       0.3287
  81.000       0.3321
  82.000       0.3412
  83.000       0.3523
  84.000       0.3626
  85.000       0.3803
  86.000       0.3690
  87.000       0.3798
  88.000       0.4458
  89.000       0.4186
  90.000       0.3832
  91.000       0.4097
  92.000       0.5070
  93.000       0.5160
  94.000       0.5038
  95.000       0.5900
  96.000       0.5891
  97.000       0.5562
  98.000       0.4374
  99.000       0.4179
 100.000       0.3502
 101.000       0.3650
 102.000       0.3176
 103.000       0.2947
 104.000       0.3064
 105.000       0.3057
 106.000       0.3056
 107.000       0.3246
 108.000       0.3431
 109.000       0.3515
 110.000       0.3277
 111.000       0.3396
 112.000       0.3735
 113.000       0.3608
 114.000       0.3572
 115.000       0.3711
 116.000       0.3710
 117.000       0.3792
 118.000       0.3983
 119.000       0.4459
 120.000       0.4625
 121.000       0.4155
 122.000       0.4255
 123.000       0.4759
 124.000       0.4027
 125.000       0.4038
 126.000       0.3801
 127.000       0.3489
 128.000       0.3376
 129.000       0.3224
 130.000       0.3210
 131.000       0.3123
 132.000       0.3414
 133.000       0.3414
 134.000       0.3697
 135.000       0.3950
 136.000       0.4375
 137.000       0.4432
 138.000       0.4566
 139.000       0.5971
 140.000       1.1184
 141.000       2.8298
 142.000       4.1083
 143.000       3.3116
 144.000       1.7852
 145.000       2.3915
 146.000       2.1156
 147.000       1.8108
 148.000       2.2016
 149.000       1.2826
 150.000       0.7346
 151.000       0.4992
 152.000       0.4224
 153.000       0.3695
 154.000       0.3690
 155.000       0.3656
 156.000       0.3485
 157.000       0.3705
 158.000       0.4197
 159.000       0.5189
 160.000       0.5495
 161.000       0.4296
 162.000       0.3973
 163.000       0.3629
 164.000       0.3957
 165.000       0.4184
 166.000       0.4065
 167.000       0.4139
 168.000       0.4727
 169.000       0.4811
 170.000       0.4918
 171.000       0.5787
 172.000       0.5219
 173.000       0.5003
 174.000       0.6049
 175.000       0.6237
 176.000       0.4655
 177.000       0.3995
 178.000       0.3773
 179.000       0.3761
 180.000       0.3327
 181.000       0.3191
 182.000       0.3193
 183.000       0.3276
 184.000       0.3793
 185.000       0.4549
 186.000       0.4995
 187.000       0.6077
 188.000       0.7066
 189.000       0.5283
 190.000       0.4567
 191.000       0.5462
 192.000       0.5587
 193.000       0.4425
 194.000       0.5194
 195.000       0.5618
 196.000       0.5387
 197.000       0.5148
 198.000       0.5410
 199.000       0.5379
 200.000       0.4176
 201.000       0.3681
 202.000       0.3578
 203.000       0.4263
 204.000       0.4612
 205.000       0.4889
 206.000       0.5325
 207.000       0.5187
 208.000       0.3958
 209.000       0.3864
 210.000       0.3902
 211.000       0.4000
 212.000       0.4112
 213.000       0.4604
 214.000       0.5036
 215.000       0.5067
 216.000       0.5276
 217.000       0.6459
 218.000       0.8070
 219.000       0.9365
 220.000       0.6603
 221.000       0.5466
 222.000       0.4577
 223.000       0.4421
 224.000       0.4567
 225.000       0.5021
 226.000       0.4458
 227.000       0.3684
 228.000       0.3456
 229.000       0.3682
 230.000       0.3719
 231.000       0.3947
 232.000       0.4069
 233.000       0.3799
 234.000       0.3687
 235.000       0.3810
 236.000       0.3836
 237.000       0.4067
 238.000       0.4083
 239.000       0.3973
 240.000       0.4023
 241.000       0.4602
 242.000       0.5142
 243.000       0.5070
 244.000       0.6540
 245.000       0.7800
 246.000       0.5961
 247.000       0.5290
 248.000       0.4648
 249.000       0.6031
 250.000       0.6930
 251.000       0.7379
 252.000       0.6702
 253.000       0.6977
 254.000       0.8092
 255.000       0.9630
 256.000       1.0389
 257.000       0.7429
 258.000       0.5865
 259.000       0.5826
 260.000       0.5435
 261.000       0.5169
 262.000       0.4613
 263.000       0.4256
 264.000       0.5336
 265.000       0.6210
 266.000       0.5523
 267.000       0.6302
 268.000       0.7303
 269.000       0.7086
 270.000       0.5417
 271.000       0.5278
 272.000       0.5947
 273.000       0.5525
 274.000       0.5095
 275.000       0.7108
 276.000       0.8190
 277.000       0.7324
 278.000       0.6765
 279.000       0.7023
 280.000       0.6408
 281.000       0.6240
 282.000       0.7122
 283.000       0.6776
 284.000       0.5300
 285.000       0.5771
 286.000       0.8443
 287.000       0.8984
 288.000       0.8932
 289.000       0.9856
 290.000       1.0125
 291.000       0.6593
 292.000       0.6825
 293.000       0.5169
 294.000       0.4120
 295.000       0.4083
 296.000       0.4398
 297.000       0.4249
 298.000       0.4576
 299.000       0.5664
 300.000       0.5321
 301.000       0.4962
 302.000       0.5667
 303.000       0.6415
 304.000       0.5459
 305.000       0.5751
 306.000       0.7437
 307.000       0.8080
 308.000       0.6653
 309.000       0.6080
 310.000       0.5045
 311.000       0.5477
 312.000       0.6752
 313.000       0.7261
 314.000       0.8243
 315.000       0.7892
 316.000       1.2313
 317.000       0.6057
