#Res        AtomicFlx
   1.000       0.5749
   2.000       0.5059
   3.000       0.6995
   4.000       0.8904
   5.000       0.6925
   6.000       0.5102
   7.000       0.5263
   8.000       0.5860
   9.000       0.5513
  10.000       0.5941
  11.000       0.6686
  12.000       0.7115
  13.000       0.6892
  14.000       0.7169
  15.000       0.6327
  16.000       0.5562
  17.000       0.6226
  18.000       0.6684
  19.000       0.6545
  20.000       0.4978
  21.000       0.4636
  22.000       0.4785
  23.000       0.5200
  24.000       0.7381
  25.000       0.8791
  26.000       0.8354
  27.000       0.7728
  28.000       0.8130
  29.000       0.7045
  30.000       0.6103
  31.000       0.5992
  32.000       0.4596
  33.000       0.3613
  34.000       0.3135
  35.000       0.3072
  36.000       0.3339
  37.000       0.3349
  38.000       0.4040
  39.000       0.4652
  40.000       0.4145
  41.000       0.5383
  42.000       0.6056
  43.000       0.5373
  44.000       0.5226
  45.000       0.5142
  46.000       0.5239
  47.000       0.4671
  48.000       0.3905
  49.000       0.4296
  50.000       0.4901
  51.000       0.4199
  52.000       0.3815
  53.000       0.3684
  54.000       0.4208
  55.000       0.4194
  56.000       0.4078
  57.000       0.4759
  58.000       0.5640
  59.000       0.5656
  60.000       0.5801
  61.000       0.4495
  62.000       0.3988
  63.000       0.3509
  64.000       0.3316
  65.000       0.4097
  66.000       0.5012
  67.000       0.5385
  68.000       0.6164
  69.000       0.8416
  70.000       0.6568
  71.000       0.5716
  72.000       0.4447
  73.000       0.4250
  74.000       0.4407
  75.000       0.3826
  76.000       0.3529
  77.000       0.3468
  78.000       0.3622
  79.000       0.3682
  80.000       0.3447
  81.000       0.3462
  82.000       0.3713
  83.000       0.3758
  84.000       0.3666
  85.000       0.3790
  86.000       0.3844
  87.000       0.3881
  88.000       0.4546
  89.000       0.4347
  90.000       0.3965
  91.000       0.4231
  92.000       0.5219
  93.000       0.5401
  94.000       0.5247
  95.000       0.6104
  96.000       0.6209
  97.000       0.5926
  98.000       0.4500
  99.000       0.3864
 100.000       0.3290
 101.000       0.3327
 102.000       0.3024
 103.000       0.2994
 104.000       0.3109
 105.000       0.3162
 106.000       0.3055
 107.000       0.3211
 108.000       0.3394
 109.000       0.3347
 110.000       0.3164
 111.000       0.3212
 112.000       0.3240
 113.000       0.3263
 114.000       0.3307
 115.000       0.3264
 116.000       0.3281
 117.000       0.3317
 118.000       0.3499
 119.000       0.3908
 120.000       0.4185
 121.000       0.3799
 122.000       0.3957
 123.000       0.4619
 124.000       0.3885
 125.000       0.3854
 126.000       0.3677
 127.000       0.3486
 128.000       0.3381
 129.000       0.3154
 130.000       0.3143
 131.000       0.3013
 132.000       0.3299
 133.000       0.3378
 134.000       0.3531
 135.000       0.3887
 136.000       0.4195
 137.000       0.4139
 138.000       0.3951
 139.000       0.4865
 140.000       0.5747
 141.000       0.7645
 142.000       1.5110
 143.000       2.0973
 144.000       2.8317
 145.000       2.6730
 146.000       2.0165
 147.000       1.2686
 148.000       0.9337
 149.000       0.7681
 150.000       0.6293
 151.000       0.5335
 152.000       0.4487
 153.000       0.3903
 154.000       0.3869
 155.000       0.3679
 156.000       0.3399
 157.000       0.3681
 158.000       0.4260
 159.000       0.5890
 160.000       0.6931
 161.000       0.4192
 162.000       0.3646
 163.000       0.3355
 164.000       0.3740
 165.000       0.3895
 166.000       0.3705
 167.000       0.3892
 168.000       0.4308
 169.000       0.4207
 170.000       0.4259
 171.000       0.4848
 172.000       0.4505
 173.000       0.4364
 174.000       0.4639
 175.000       0.4161
 176.000       0.3707
 177.000       0.3628
 178.000       0.3579
 179.000       0.3199
 180.000       0.2960
 181.000       0.3026
 182.000       0.3105
 183.000       0.3201
 184.000       0.3779
 185.000       0.4130
 186.000       0.4468
 187.000       0.4137
 188.000       0.4772
 189.000       0.4791
 190.000       0.3919
 191.000       0.4183
 192.000       0.4477
 193.000       0.4079
 194.000       0.5110
 195.000       0.5287
 196.000       0.5192
 197.000       0.5093
 198.000       0.5422
 199.000       0.5185
 200.000       0.3977
 201.000       0.3562
 202.000       0.3465
 203.000       0.3884
 204.000       0.4037
 205.000       0.4321
 206.000       0.4637
 207.000       0.4463
 208.000       0.3588
 209.000       0.3630
 210.000       0.3714
 211.000       0.3864
 212.000       0.3871
 213.000       0.4383
 214.000       0.4899
 215.000       0.4776
 216.000       0.4898
 217.000       0.6082
 218.000       0.7964
 219.000       0.8883
 220.000       0.6339
 221.000       0.5334
 222.000       0.4348
 223.000       0.3877
 224.000       0.3941
 225.000       0.4347
 226.000       0.4144
 227.000       0.3711
 228.000       0.3575
 229.000       0.3882
 230.000       0.3853
 231.000       0.4025
 232.000       0.3991
 233.000       0.3667
 234.000       0.3648
 235.000       0.3649
 236.000       0.3618
 237.000       0.3865
 238.000       0.3807
 239.000       0.3699
 240.000       0.3927
 241.000       0.4645
 242.000       0.5334
 243.000       0.4964
 244.000       0.5670
 245.000       0.4791
 246.000       0.4120
 247.000       0.4098
 248.000       0.4219
 249.000       0.5610
 250.000       0.6452
 251.000       0.6597
 252.000       0.5965
 253.000       0.6627
 254.000       0.7848
 255.000       0.9767
 256.000       1.0505
 257.000       0.7443
 258.000       0.5741
 259.000       0.5955
 260.000       0.5727
 261.000       0.5584
 262.000       0.5046
 263.000       0.4610
 264.000       0.5627
 265.000       0.6585
 266.000       0.6255
 267.000       0.7569
 268.000       0.8559
 269.000       0.8165
 270.000       0.6319
 271.000       0.6192
 272.000       0.6994
 273.000       0.6411
 274.000       0.6018
 275.000       0.8220
 276.000       0.9044
 277.000       1.0135
 278.000       1.3695
 279.000       1.4647
 280.000       1.6242
 281.000       1.7154
 282.000       1.6426
 283.000       1.5230
 284.000       1.3567
 285.000       1.2562
 286.000       1.3915
 287.000       1.3585
 288.000       0.9871
 289.000       0.7588
 290.000       0.7282
 291.000       0.5496
 292.000       0.5473
 293.000       0.4571
 294.000       0.3910
 295.000       0.4094
 296.000       0.4297
 297.000       0.4241
 298.000       0.4506
 299.000       0.5523
 300.000       0.5239
 301.000       0.4622
 302.000       0.5249
 303.000       0.6003
 304.000       0.5167
 305.000       0.5261
 306.000       0.6935
 307.000       0.7463
 308.000       0.6273
 309.000       0.5737
 310.000       0.4800
 311.000       0.5238
 312.000       0.6398
 313.000       0.6905
 314.000       0.7654
 315.000       0.7546
 316.000       1.2038
