#Res        AtomicFlx
   1.000       0.6019
   2.000       0.5452
   3.000       0.8140
   4.000       1.0670
   5.000       0.8094
   6.000       0.5573
   7.000       0.5462
   8.000       0.6283
   9.000       0.5826
  10.000       0.6424
  11.000       0.7097
  12.000       0.7974
  13.000       0.8184
  14.000       0.8740
  15.000       0.7377
  16.000       0.6129
  17.000       0.7658
  18.000       0.8812
  19.000       0.7763
  20.000       0.5848
  21.000       0.4766
  22.000       0.4707
  23.000       0.5076
  24.000       0.7090
  25.000       0.7268
  26.000       0.7298
  27.000       0.7053
  28.000       0.7497
  29.000       0.6677
  30.000       0.5705
  31.000       0.5802
  32.000       0.4557
  33.000       0.3652
  34.000       0.3192
  35.000       0.3131
  36.000       0.3442
  37.000       0.3471
  38.000       0.3930
  39.000       0.4353
  40.000       0.4076
  41.000       0.4529
  42.000       0.6385
  43.000       0.5623
  44.000       0.5181
  45.000       0.5377
  46.000       0.6018
  47.000       0.4843
  48.000       0.4107
  49.000       0.4631
  50.000       0.5053
  51.000       0.4161
  52.000       0.3730
  53.000       0.3767
  54.000       0.4222
  55.000       0.4091
  56.000       0.4003
  57.000       0.4670
  58.000       0.5500
  59.000       0.5458
  60.000       0.5564
  61.000       0.4416
  62.000       0.3893
  63.000       0.3493
  64.000       0.3296
  65.000       0.4051
  66.000       0.4635
  67.000       0.5375
  68.000       0.5115
  69.000       0.6233
  70.000       0.5061
  71.000       0.4664
  72.000       0.4473
  73.000       0.4158
  74.000       0.4391
  75.000       0.3921
  76.000       0.3712
  77.000       0.3758
  78.000       0.4002
  79.000       0.3981
  80.000       0.3663
  81.000       0.3566
  82.000       0.3572
  83.000       0.3671
  84.000       0.3868
  85.000       0.4086
  86.000       0.3842
  87.000       0.3943
  88.000       0.4915
  89.000       0.4532
  90.000       0.3979
  91.000       0.4228
  92.000       0.5217
  93.000       0.5315
  94.000       0.5168
  95.000       0.6039
  96.000       0.6120
  97.000       0.5834
  98.000       0.4583
  99.000       0.4187
 100.000       0.3577
 101.000       0.3578
 102.000       0.3113
 103.000       0.3041
 104.000       0.3163
 105.000       0.3203
 106.000       0.3079
 107.000       0.3181
 108.000       0.3408
 109.000       0.3505
 110.000       0.3354
 111.000       0.3441
 112.000       0.3597
 113.000       0.3544
 114.000       0.3482
 115.000       0.3443
 116.000       0.3352
 117.000       0.3531
 118.000       0.3854
 119.000       0.4565
 120.000       0.5013
 121.000       0.4245
 122.000       0.4232
 123.000       0.4979
 124.000       0.4173
 125.000       0.4111
 126.000       0.3952
 127.000       0.3659
 128.000       0.3519
 129.000       0.3232
 130.000       0.3111
 131.000       0.2923
 132.000       0.3186
 133.000       0.3264
 134.000       0.3559
 135.000       0.3785
 136.000       0.3980
 137.000       0.3901
 138.000       0.3512
 139.000       0.4556
 140.000       0.5885
 141.000       0.8266
 142.000       1.4195
 143.000       1.5827
 144.000       1.5719
 145.000       1.8767
 146.000       1.7039
 147.000       1.1674
 148.000       1.2311
 149.000       1.0215
 150.000       0.7162
 151.000       0.5172
 152.000       0.4405
 153.000       0.3995
 154.000       0.3654
 155.000       0.3369
 156.000       0.3280
 157.000       0.3399
 158.000       0.3840
 159.000       0.4816
 160.000       0.4864
 161.000       0.3708
 162.000       0.3450
 163.000       0.3292
 164.000       0.3558
 165.000       0.3618
 166.000       0.3673
 167.000       0.4244
 168.000       0.4716
 169.000       0.4363
 170.000       0.4422
 171.000       0.5201
 172.000       0.4861
 173.000       0.4502
 174.000       0.5190
 175.000       0.4857
 176.000       0.4529
 177.000       0.4081
 178.000       0.3751
 179.000       0.3559
 180.000       0.3160
 181.000       0.3089
 182.000       0.3048
 183.000       0.3120
 184.000       0.3700
 185.000       0.4154
 186.000       0.4523
 187.000       0.4259
 188.000       0.4569
 189.000       0.4116
 190.000       0.3756
 191.000       0.4011
 192.000       0.4425
 193.000       0.3897
 194.000       0.5121
 195.000       0.5381
 196.000       0.5226
 197.000       0.4991
 198.000       0.5134
 199.000       0.4935
 200.000       0.3757
 201.000       0.3245
 202.000       0.3239
 203.000       0.3634
 204.000       0.3644
 205.000       0.4437
 206.000       0.6220
 207.000       0.6357
 208.000       0.4490
 209.000       0.3731
 210.000       0.3582
 211.000       0.3773
 212.000       0.3777
 213.000       0.4160
 214.000       0.4710
 215.000       0.4666
 216.000       0.4746
 217.000       0.5756
 218.000       0.7174
 219.000       0.7951
 220.000       0.5746
 221.000       0.5002
 222.000       0.4125
 223.000       0.3631
 224.000       0.3721
 225.000       0.3991
 226.000       0.3718
 227.000       0.3439
 228.000       0.3363
 229.000       0.3665
 230.000       0.3609
 231.000       0.3836
 232.000       0.3822
 233.000       0.3534
 234.000       0.3640
 235.000       0.3752
 236.000       0.3617
 237.000       0.3769
 238.000       0.3698
 239.000       0.3674
 240.000       0.3855
 241.000       0.4358
 242.000       0.4881
 243.000       0.4859
 244.000       0.6098
 245.000       0.9534
 246.000       0.8713
 247.000       0.5405
 248.000       0.4475
 249.000       0.5259
 250.000       0.6157
 251.000       0.6851
 252.000       0.6224
 253.000       0.6677
 254.000       0.7746
 255.000       0.9427
 256.000       1.0378
 257.000       0.7388
 258.000       0.5474
 259.000       0.5563
 260.000       0.5224
 261.000       0.4932
 262.000       0.4502
 263.000       0.4329
 264.000       0.5393
 265.000       0.6260
 266.000       0.5902
 267.000       0.6825
 268.000       0.7878
 269.000       0.7686
 270.000       0.6036
 271.000       0.5763
 272.000       0.6419
 273.000       0.6051
 274.000       0.5246
 275.000       0.6361
 276.000       0.7225
 277.000       0.6737
 278.000       0.7485
 279.000       0.9135
 280.000       0.8877
 281.000       0.9221
 282.000       1.0937
 283.000       1.0622
 284.000       0.7779
 285.000       0.7757
 286.000       1.0068
 287.000       0.9658
 288.000       0.8189
 289.000       0.7674
 290.000       0.7938
 291.000       0.6157
 292.000       0.5967
 293.000       0.4653
 294.000       0.3916
 295.000       0.4174
 296.000       0.4446
 297.000       0.4392
 298.000       0.4823
 299.000       0.5818
 300.000       0.5144
 301.000       0.4674
 302.000       0.5202
 303.000       0.5845
 304.000       0.4968
 305.000       0.5289
 306.000       0.7584
 307.000       0.8161
 308.000       0.6613
 309.000       0.6069
 310.000       0.4938
 311.000       0.5452
 312.000       0.6998
 313.000       0.7453
 314.000       0.8119
 315.000       0.8048
 316.000       1.2921
