#Res        AtomicFlx
   1.000       0.5834
   2.000       0.5251
   3.000       0.7485
   4.000       0.9986
   5.000       0.7369
   6.000       0.5297
   7.000       0.5259
   8.000       0.5908
   9.000       0.5465
  10.000       0.5942
  11.000       0.6737
  12.000       0.7077
  13.000       0.6973
  14.000       0.7432
  15.000       0.6601
  16.000       0.5501
  17.000       0.6430
  18.000       0.7352
  19.000       0.6283
  20.000       0.5215
  21.000       0.4671
  22.000       0.4902
  23.000       0.6016
  24.000       1.0908
  25.000       1.2051
  26.000       0.8199
  27.000       0.7540
  28.000       0.7889
  29.000       0.7027
  30.000       0.6364
  31.000       0.6236
  32.000       0.4707
  33.000       0.3668
  34.000       0.3219
  35.000       0.3113
  36.000       0.3447
  37.000       0.3453
  38.000       0.3964
  39.000       0.4236
  40.000       0.3882
  41.000       0.4601
  42.000       0.5080
  43.000       0.4922
  44.000       0.5674
  45.000       0.5701
  46.000       0.5449
  47.000       0.4726
  48.000       0.4026
  49.000       0.4491
  50.000       0.4940
  51.000       0.4132
  52.000       0.3710
  53.000       0.3673
  54.000       0.4129
  55.000       0.4083
  56.000       0.3999
  57.000       0.4619
  58.000       0.5434
  59.000       0.5479
  60.000       0.5604
  61.000       0.4428
  62.000       0.4094
  63.000       0.3751
  64.000       0.3477
  65.000       0.4101
  66.000       0.5337
  67.000       0.7951
  68.000       0.6280
  69.000       0.6853
  70.000       0.5237
  71.000       0.4783
  72.000       0.4091
  73.000       0.3710
  74.000       0.3820
  75.000       0.3495
  76.000       0.3316
  77.000       0.3377
  78.000       0.3514
  79.000       0.3483
  80.000       0.3367
  81.000       0.3373
  82.000       0.3400
  83.000       0.3509
  84.000       0.3655
  85.000       0.3817
  86.000       0.3679
  87.000       0.3773
  88.000       0.4674
  89.000       0.4390
  90.000       0.4001
  91.000       0.4236
  92.000       0.5211
  93.000       0.5440
  94.000       0.5356
  95.000       0.6112
  96.000       0.5786
  97.000       0.5306
  98.000       0.4080
  99.000       0.3357
 100.000       0.3213
 101.000       0.3328
 102.000       0.3011
 103.000       0.2909
 104.000       0.2984
 105.000       0.3011
 106.000       0.2892
 107.000       0.3061
 108.000       0.3299
 109.000       0.3247
 110.000       0.3040
 111.000       0.3136
 112.000       0.3245
 113.000       0.3282
 114.000       0.3392
 115.000       0.3377
 116.000       0.3280
 117.000       0.3361
 118.000       0.3621
 119.000       0.4174
 120.000       0.4558
 121.000       0.4068
 122.000       0.4075
 123.000       0.4576
 124.000       0.3816
 125.000       0.3823
 126.000       0.3717
 127.000       0.3596
 128.000       0.3484
 129.000       0.3169
 130.000       0.3074
 131.000       0.2896
 132.000       0.3135
 133.000       0.3193
 134.000       0.3373
 135.000       0.3659
 136.000       0.3958
 137.000       0.3878
 138.000       0.3726
 139.000       0.4868
 140.000       0.6658
 141.000       0.9523
 142.000       1.5249
 143.000       1.5339
 144.000       1.0218
 145.000       1.1501
 146.000       1.2589
 147.000       1.1395
 148.000       0.9164
 149.000       0.7276
 150.000       0.5624
 151.000       0.4761
 152.000       0.4076
 153.000       0.3627
 154.000       0.3539
 155.000       0.3492
 156.000       0.3174
 157.000       0.3552
 158.000       0.4014
 159.000       0.4866
 160.000       0.4946
 161.000       0.3753
 162.000       0.3422
 163.000       0.3265
 164.000       0.3571
 165.000       0.3684
 166.000       0.3638
 167.000       0.3846
 168.000       0.4249
 169.000       0.4225
 170.000       0.4294
 171.000       0.4978
 172.000       0.4601
 173.000       0.4281
 174.000       0.4982
 175.000       0.4367
 176.000       0.4022
 177.000       0.3840
 178.000       0.3610
 179.000       0.3379
 180.000       0.2981
 181.000       0.2973
 182.000       0.2999
 183.000       0.3126
 184.000       0.3784
 185.000       0.4113
 186.000       0.4354
 187.000       0.4026
 188.000       0.4601
 189.000       0.4765
 190.000       0.3786
 191.000       0.4016
 192.000       0.4362
 193.000       0.4008
 194.000       0.5146
 195.000       0.5311
 196.000       0.5089
 197.000       0.4796
 198.000       0.5093
 199.000       0.4990
 200.000       0.3721
 201.000       0.3290
 202.000       0.3254
 203.000       0.3662
 204.000       0.3669
 205.000       0.4392
 206.000       0.5455
 207.000       0.5901
 208.000       0.4213
 209.000       0.3698
 210.000       0.3596
 211.000       0.3779
 212.000       0.3821
 213.000       0.4160
 214.000       0.4795
 215.000       0.4947
 216.000       0.4811
 217.000       0.5835
 218.000       0.7462
 219.000       0.8487
 220.000       0.6209
 221.000       0.5407
 222.000       0.4535
 223.000       0.3720
 224.000       0.3652
 225.000       0.3991
 226.000       0.3857
 227.000       0.3531
 228.000       0.3370
 229.000       0.3752
 230.000       0.3814
 231.000       0.3982
 232.000       0.3998
 233.000       0.3622
 234.000       0.3598
 235.000       0.3664
 236.000       0.3585
 237.000       0.3829
 238.000       0.3805
 239.000       0.3710
 240.000       0.3926
 241.000       0.4665
 242.000       0.5342
 243.000       0.4991
 244.000       0.5777
 245.000       0.4743
 246.000       0.3978
 247.000       0.3988
 248.000       0.4189
 249.000       0.5531
 250.000       0.7012
 251.000       0.7564
 252.000       0.6508
 253.000       0.6815
 254.000       0.7591
 255.000       0.9015
 256.000       0.9897
 257.000       0.7479
 258.000       0.5973
 259.000       0.6158
 260.000       0.5942
 261.000       0.5412
 262.000       0.4712
 263.000       0.4475
 264.000       0.5394
 265.000       0.6225
 266.000       0.5978
 267.000       0.6964
 268.000       0.8044
 269.000       0.7912
 270.000       0.6118
 271.000       0.5871
 272.000       0.6673
 273.000       0.6242
 274.000       0.5604
 275.000       0.7495
 276.000       0.8748
 277.000       0.8470
 278.000       0.8557
 279.000       0.9805
 280.000       0.8681
 281.000       0.8110
 282.000       0.9437
 283.000       0.9751
 284.000       0.7663
 285.000       0.7397
 286.000       0.8745
 287.000       0.8619
 288.000       0.7182
 289.000       0.6322
 290.000       0.7067
 291.000       0.5500
 292.000       0.5568
 293.000       0.4483
 294.000       0.3734
 295.000       0.3930
 296.000       0.4312
 297.000       0.4105
 298.000       0.4349
 299.000       0.5361
 300.000       0.4944
 301.000       0.4589
 302.000       0.5250
 303.000       0.6048
 304.000       0.5267
 305.000       0.5945
 306.000       0.9441
 307.000       1.1240
 308.000       0.7519
 309.000       0.6077
 310.000       0.4842
 311.000       0.5291
 312.000       0.6805
 313.000       0.9603
 314.000       1.7089
 315.000       3.0298
 316.000       3.6681
