#Res        AtomicFlx
   1.000       0.6474
   2.000       0.6555
   3.000       1.1003
   4.000       1.1529
   5.000       0.7597
   6.000       0.5178
   7.000       0.5155
   8.000       0.5728
   9.000       0.5296
  10.000       0.5654
  11.000       0.6437
  12.000       0.6889
  13.000       0.6843
  14.000       0.7298
  15.000       0.6390
  16.000       0.5431
  17.000       0.6487
  18.000       0.7523
  19.000       0.7051
  20.000       0.5356
  21.000       0.4402
  22.000       0.4475
  23.000       0.4939
  24.000       0.6894
  25.000       0.6628
  26.000       0.6839
  27.000       0.6853
  28.000       0.7466
  29.000       0.6827
  30.000       0.6087
  31.000       0.6043
  32.000       0.4747
  33.000       0.3754
  34.000       0.3194
  35.000       0.3074
  36.000       0.3226
  37.000       0.3197
  38.000       0.3643
  39.000       0.4062
  40.000       0.3829
  41.000       0.4388
  42.000       0.5235
  43.000       0.4816
  44.000       0.5042
  45.000       0.5029
  46.000       0.4908
  47.000       0.4274
  48.000       0.3657
  49.000       0.4147
  50.000       0.4630
  51.000       0.3923
  52.000       0.3589
  53.000       0.3513
  54.000       0.4026
  55.000       0.4060
  56.000       0.4010
  57.000       0.4660
  58.000       0.5725
  59.000       0.5729
  60.000       0.5835
  61.000       0.4515
  62.000       0.3953
  63.000       0.3397
  64.000       0.3152
  65.000       0.3930
  66.000       0.4564
  67.000       0.5279
  68.000       0.4648
  69.000       0.5220
  70.000       0.4442
  71.000       0.4341
  72.000       0.3835
  73.000       0.3693
  74.000       0.3886
  75.000       0.3516
  76.000       0.3264
  77.000       0.3290
  78.000       0.3415
  79.000       0.3376
  80.000       0.3207
  81.000       0.3289
  82.000       0.3431
  83.000       0.3404
  84.000       0.3545
  85.000       0.3744
  86.000       0.3562
  87.000       0.3614
  88.000       0.4356
  89.000       0.4139
  90.000       0.3851
  91.000       0.4175
  92.000       0.5146
  93.000       0.5388
  94.000       0.5355
  95.000       0.6258
  96.000       0.6391
  97.000       0.6108
  98.000       0.4683
  99.000       0.4083
 100.000       0.3324
 101.000       0.3331
 102.000       0.3000
 103.000       0.2832
 104.000       0.2921
 105.000       0.2954
 106.000       0.2841
 107.000       0.3002
 108.000       0.3211
 109.000       0.3173
 110.000       0.2975
 111.000       0.3054
 112.000       0.3135
 113.000       0.3188
 114.000       0.3286
 115.000       0.3250
 116.000       0.3218
 117.000       0.3342
 118.000       0.3584
 119.000       0.4172
 120.000       0.4450
 121.000       0.3942
 122.000       0.4148
 123.000       0.4837
 124.000       0.4023
 125.000       0.3921
 126.000       0.3682
 127.000       0.3442
 128.000       0.3294
 129.000       0.3087
 130.000       0.3036
 131.000       0.2865
 132.000       0.3136
 133.000       0.3173
 134.000       0.3349
 135.000       0.3580
 136.000       0.3920
 137.000       0.3870
 138.000       0.3850
 139.000       0.5927
 140.000       0.8244
 141.000       1.1428
 142.000       1.8516
 143.000       1.6817
 144.000       1.7566
 145.000       2.1166
 146.000       1.7312
 147.000       1.5726
 148.000       1.2488
 149.000       0.8918
 150.000       0.6332
 151.000       0.4965
 152.000       0.4085
 153.000       0.3621
 154.000       0.3642
 155.000       0.3549
 156.000       0.3216
 157.000       0.3639
 158.000       0.4191
 159.000       0.5068
 160.000       0.5125
 161.000       0.3831
 162.000       0.3472
 163.000       0.3223
 164.000       0.3523
 165.000       0.3704
 166.000       0.3645
 167.000       0.3756
 168.000       0.4202
 169.000       0.4170
 170.000       0.4204
 171.000       0.4838
 172.000       0.4495
 173.000       0.4138
 174.000       0.4374
 175.000       0.4017
 176.000       0.3817
 177.000       0.3715
 178.000       0.3592
 179.000       0.3173
 180.000       0.2928
 181.000       0.2950
 182.000       0.3022
 183.000       0.3093
 184.000       0.3595
 185.000       0.4081
 186.000       0.4307
 187.000       0.3971
 188.000       0.4422
 189.000       0.4369
 190.000       0.3818
 191.000       0.4083
 192.000       0.4412
 193.000       0.3953
 194.000       0.5098
 195.000       0.5355
 196.000       0.5177
 197.000       0.4842
 198.000       0.5047
 199.000       0.4942
 200.000       0.3769
 201.000       0.3336
 202.000       0.3222
 203.000       0.3632
 204.000       0.3758
 205.000       0.4173
 206.000       0.4589
 207.000       0.4489
 208.000       0.3551
 209.000       0.3511
 210.000       0.3564
 211.000       0.3776
 212.000       0.3843
 213.000       0.4191
 214.000       0.4735
 215.000       0.4840
 216.000       0.4858
 217.000       0.5833
 218.000       0.7169
 219.000       0.8008
 220.000       0.5759
 221.000       0.4906
 222.000       0.3991
 223.000       0.3537
 224.000       0.3542
 225.000       0.3901
 226.000       0.3753
 227.000       0.3446
 228.000       0.3328
 229.000       0.3612
 230.000       0.3624
 231.000       0.3842
 232.000       0.3874
 233.000       0.3575
 234.000       0.3582
 235.000       0.3655
 236.000       0.3667
 237.000       0.3878
 238.000       0.3889
 239.000       0.3887
 240.000       0.4027
 241.000       0.4998
 242.000       0.6329
 243.000       0.6292
 244.000       0.6317
 245.000       0.5241
 246.000       0.4211
 247.000       0.4181
 248.000       0.4233
 249.000       0.5553
 250.000       0.6743
 251.000       0.7080
 252.000       0.6165
 253.000       0.6588
 254.000       0.7391
 255.000       0.8876
 256.000       0.9681
 257.000       0.7060
 258.000       0.5552
 259.000       0.5523
 260.000       0.5194
 261.000       0.4969
 262.000       0.4541
 263.000       0.4338
 264.000       0.5432
 265.000       0.6401
 266.000       0.5771
 267.000       0.6608
 268.000       0.7613
 269.000       0.7329
 270.000       0.5692
 271.000       0.5515
 272.000       0.6172
 273.000       0.5736
 274.000       0.5134
 275.000       0.6837
 276.000       0.7806
 277.000       0.8111
 278.000       0.8599
 279.000       0.9606
 280.000       0.8628
 281.000       0.7952
 282.000       0.9011
 283.000       0.9099
 284.000       0.6855
 285.000       0.6781
 286.000       0.8707
 287.000       0.8479
 288.000       0.7308
 289.000       0.6701
 290.000       0.7300
 291.000       0.5976
 292.000       0.6024
 293.000       0.4839
 294.000       0.3966
 295.000       0.4096
 296.000       0.4390
 297.000       0.4214
 298.000       0.4382
 299.000       0.5308
 300.000       0.4879
 301.000       0.4591
 302.000       0.5566
 303.000       0.6445
 304.000       0.5435
 305.000       0.6790
 306.000       1.2295
 307.000       1.2193
 308.000       0.8156
 309.000       0.6286
 310.000       0.5076
 311.000       0.5751
 312.000       0.7629
 313.000       1.1360
 314.000       1.3134
 315.000       2.0155
 316.000       2.8141
