#Res        AtomicFlx
   1.000       0.6249
   2.000       0.6089
   3.000       0.8831
   4.000       1.0391
   5.000       0.7837
   6.000       0.5690
   7.000       0.5483
   8.000       0.6490
   9.000       0.6167
  10.000       0.6774
  11.000       0.7371
  12.000       0.7436
  13.000       0.7249
  14.000       0.7717
  15.000       0.6875
  16.000       0.5833
  17.000       0.6909
  18.000       0.8008
  19.000       0.7414
  20.000       0.5598
  21.000       0.4649
  22.000       0.4793
  23.000       0.5339
  24.000       0.7523
  25.000       0.7449
  26.000       0.7908
  27.000       0.7629
  28.000       0.8570
  29.000       0.7418
  30.000       0.6351
  31.000       0.6149
  32.000       0.4869
  33.000       0.3906
  34.000       0.3282
  35.000       0.3196
  36.000       0.3476
  37.000       0.3556
  38.000       0.4176
  39.000       0.4698
  40.000       0.5626
  41.000       0.5970
  42.000       0.7540
  43.000       0.6808
  44.000       0.6791
  45.000       0.6478
  46.000       0.6577
  47.000       0.5163
  48.000       0.4131
  49.000       0.4658
  50.000       0.5082
  51.000       0.4233
  52.000       0.3793
  53.000       0.3734
  54.000       0.4292
  55.000       0.4300
  56.000       0.4231
  57.000       0.5010
  58.000       0.6098
  59.000       0.6174
  60.000       0.6325
  61.000       0.4835
  62.000       0.4152
  63.000       0.3597
  64.000       0.3492
  65.000       0.4287
  66.000       0.5364
  67.000       0.7101
  68.000       0.6197
  69.000       0.6892
  70.000       0.5806
  71.000       0.5622
  72.000       0.5715
  73.000       0.5115
  74.000       0.4871
  75.000       0.4315
  76.000       0.3911
  77.000       0.3880
  78.000       0.4329
  79.000       0.4257
  80.000       0.3711
  81.000       0.3696
  82.000       0.4030
  83.000       0.3903
  84.000       0.3654
  85.000       0.3774
  86.000       0.3744
  87.000       0.3829
  88.000       0.4323
  89.000       0.4268
  90.000       0.4011
  91.000       0.4351
  92.000       0.5333
  93.000       0.5432
  94.000       0.5397
  95.000       0.6428
  96.000       0.6728
  97.000       0.6414
  98.000       0.5061
  99.000       0.4279
 100.000       0.3435
 101.000       0.3327
 102.000       0.3149
 103.000       0.3252
 104.000       0.3424
 105.000       0.3668
 106.000       0.3728
 107.000       0.3642
 108.000       0.3780
 109.000       0.3719
 110.000       0.3537
 111.000       0.3580
 112.000       0.3530
 113.000       0.3499
 114.000       0.3573
 115.000       0.3427
 116.000       0.3458
 117.000       0.3571
 118.000       0.3875
 119.000       0.4552
 120.000       0.5041
 121.000       0.4664
 122.000       0.4584
 123.000       0.5016
 124.000       0.4375
 125.000       0.4196
 126.000       0.3872
 127.000       0.3521
 128.000       0.3639
 129.000       0.3473
 130.000       0.3223
 131.000       0.3066
 132.000       0.3305
 133.000       0.3484
 134.000       0.4060
 135.000       0.4465
 136.000       0.4812
 137.000       0.5251
 138.000       0.5315
 139.000       1.0005
 140.000       1.6737
 141.000       2.6071
 142.000       2.2256
 143.000       2.5138
 144.000       3.0725
 145.000       3.2706
 146.000       3.4351
 147.000       3.5144
 148.000       2.3590
 149.000       1.1300
 150.000       0.7805
 151.000       0.6672
 152.000       0.5875
 153.000       0.5463
 154.000       0.4945
 155.000       0.4615
 156.000       0.4071
 157.000       0.4623
 158.000       0.5660
 159.000       0.6435
 160.000       0.5798
 161.000       0.4402
 162.000       0.4035
 163.000       0.3734
 164.000       0.3897
 165.000       0.3974
 166.000       0.3847
 167.000       0.3839
 168.000       0.4213
 169.000       0.4355
 170.000       0.4416
 171.000       0.4948
 172.000       0.4682
 173.000       0.4403
 174.000       0.5979
 175.000       0.5316
 176.000       0.4354
 177.000       0.3909
 178.000       0.3683
 179.000       0.3812
 180.000       0.3424
 181.000       0.3204
 182.000       0.3182
 183.000       0.3217
 184.000       0.3525
 185.000       0.4138
 186.000       0.4598
 187.000       0.4681
 188.000       0.5531
 189.000       0.6171
 190.000       0.4661
 191.000       0.4102
 192.000       0.4171
 193.000       0.3994
 194.000       0.5361
 195.000       0.7311
 196.000       0.7960
 197.000       0.7344
 198.000       0.6590
 199.000       0.5870
 200.000       0.4500
 201.000       0.3959
 202.000       0.3778
 203.000       0.4077
 204.000       0.4020
 205.000       0.4558
 206.000       0.5207
 207.000       0.5065
 208.000       0.3887
 209.000       0.3672
 210.000       0.3772
 211.000       0.3920
 212.000       0.3922
 213.000       0.4398
 214.000       0.4851
 215.000       0.5057
 216.000       0.5172
 217.000       0.6289
 218.000       0.7901
 219.000       0.8829
 220.000       0.6489
 221.000       0.5166
 222.000       0.4434
 223.000       0.4377
 224.000       0.4764
 225.000       0.4559
 226.000       0.4202
 227.000       0.3640
 228.000       0.3513
 229.000       0.3782
 230.000       0.3631
 231.000       0.3832
 232.000       0.3916
 233.000       0.3645
 234.000       0.3632
 235.000       0.3779
 236.000       0.3756
 237.000       0.3951
 238.000       0.3976
 239.000       0.3822
 240.000       0.3807
 241.000       0.4441
 242.000       0.5075
 243.000       0.5138
 244.000       0.6731
 245.000       0.8652
 246.000       0.6287
 247.000       0.5322
 248.000       0.4505
 249.000       0.6112
 250.000       0.7230
 251.000       0.7749
 252.000       0.6715
 253.000       0.7037
 254.000       0.9028
 255.000       1.0916
 256.000       1.1638
 257.000       0.7912
 258.000       0.5825
 259.000       0.5483
 260.000       0.5105
 261.000       0.4891
 262.000       0.4471
 263.000       0.4273
 264.000       0.5369
 265.000       0.6261
 266.000       0.5790
 267.000       0.6791
 268.000       0.7733
 269.000       0.7507
 270.000       0.5910
 271.000       0.5542
 272.000       0.6084
 273.000       0.5708
 274.000       0.5201
 275.000       0.6342
 276.000       0.7014
 277.000       0.6603
 278.000       0.7877
 279.000       1.0363
 280.000       0.9909
 281.000       1.0061
 282.000       1.3722
 283.000       1.3701
 284.000       0.9473
 285.000       1.0123
 286.000       1.4172
 287.000       1.3471
 288.000       1.0191
 289.000       0.8138
 290.000       0.8914
 291.000       0.7525
 292.000       0.7415
 293.000       0.5630
 294.000       0.4598
 295.000       0.4927
 296.000       0.5222
 297.000       0.4744
 298.000       0.4843
 299.000       0.5795
 300.000       0.5433
 301.000       0.5082
 302.000       0.5744
 303.000       0.6366
 304.000       0.5349
 305.000       0.5666
 306.000       0.7406
 307.000       0.8529
 308.000       0.7072
 309.000       0.6592
 310.000       0.5680
 311.000       0.6342
 312.000       0.7835
 313.000       0.8281
 314.000       0.9269
 315.000       0.8665
 316.000       1.3523
 317.000       1.6130
