#Res        AtomicFlx
   1.000       0.6059
   2.000       0.5567
   3.000       0.8175
   4.000       0.8876
   5.000       0.7224
   6.000       0.5287
   7.000       0.5215
   8.000       0.6151
   9.000       0.5682
  10.000       0.6209
  11.000       0.6944
  12.000       0.7315
  13.000       0.7507
  14.000       0.7852
  15.000       0.6795
  16.000       0.5855
  17.000       0.7176
  18.000       0.8108
  19.000       0.7174
  20.000       0.5666
  21.000       0.4819
  22.000       0.4744
  23.000       0.5192
  24.000       0.7451
  25.000       0.7696
  26.000       0.8287
  27.000       0.7962
  28.000       0.8509
  29.000       0.7796
  30.000       0.6343
  31.000       0.6115
  32.000       0.4852
  33.000       0.3844
  34.000       0.3271
  35.000       0.3165
  36.000       0.3483
  37.000       0.3634
  38.000       0.4357
  39.000       0.7139
  40.000       0.7615
  41.000       0.7028
  42.000       0.7207
  43.000       0.6828
  44.000       0.5755
  45.000       0.5522
  46.000       0.5968
  47.000       0.5115
  48.000       0.4084
  49.000       0.4538
  50.000       0.5156
  51.000       0.4345
  52.000       0.3884
  53.000       0.3765
  54.000       0.4366
  55.000       0.4436
  56.000       0.4300
  57.000       0.5028
  58.000       0.6188
  59.000       0.6295
  60.000       0.6450
  61.000       0.4882
  62.000       0.4145
  63.000       0.3489
  64.000       0.3314
  65.000       0.4003
  66.000       0.4615
  67.000       0.6198
  68.000       0.7960
  69.000       1.0299
  70.000       0.8151
  71.000       0.7180
  72.000       0.6432
  73.000       0.5254
  74.000       0.5581
  75.000       0.4050
  76.000       0.3637
  77.000       0.3567
  78.000       0.3941
  79.000       0.4055
  80.000       0.3521
  81.000       0.3362
  82.000       0.3510
  83.000       0.3682
  84.000       0.3617
  85.000       0.3782
  86.000       0.3675
  87.000       0.3687
  88.000       0.4201
  89.000       0.4100
  90.000       0.3793
  91.000       0.4071
  92.000       0.5120
  93.000       0.5370
  94.000       0.5236
  95.000       0.6163
  96.000       0.6147
  97.000       0.5764
  98.000       0.4451
  99.000       0.4168
 100.000       0.3490
 101.000       0.3491
 102.000       0.3253
 103.000       0.3549
 104.000       0.3845
 105.000       0.3753
 106.000       0.3854
 107.000       0.3782
 108.000       0.3770
 109.000       0.3622
 110.000       0.3479
 111.000       0.3609
 112.000       0.3579
 113.000       0.3383
 114.000       0.3423
 115.000       0.3455
 116.000       0.3417
 117.000       0.3400
 118.000       0.3673
 119.000       0.4164
 120.000       0.4411
 121.000       0.4011
 122.000       0.4329
 123.000       0.4924
 124.000       0.4093
 125.000       0.4051
 126.000       0.3790
 127.000       0.3502
 128.000       0.3765
 129.000       0.3687
 130.000       0.3562
 131.000       0.3254
 132.000       0.3592
 133.000       0.3792
 134.000       0.3676
 135.000       0.3971
 136.000       0.4290
 137.000       0.4202
 138.000       0.4462
 139.000       0.6396
 140.000       0.8819
 141.000       1.2920
 142.000       1.4599
 143.000       1.2932
 144.000       0.9390
 145.000       0.9774
 146.000       1.2059
 147.000       1.3618
 148.000       1.1400
 149.000       0.8274
 150.000       0.6748
 151.000       0.5608
 152.000       0.5248
 153.000       0.4800
 154.000       0.4173
 155.000       0.3835
 156.000       0.3478
 157.000       0.3774
 158.000       0.4211
 159.000       0.4861
 160.000       0.5138
 161.000       0.3978
 162.000       0.3628
 163.000       0.3289
 164.000       0.3608
 165.000       0.3805
 166.000       0.3630
 167.000       0.3724
 168.000       0.4240
 169.000       0.4358
 170.000       0.4337
 171.000       0.4924
 172.000       0.4472
 173.000       0.4275
 174.000       0.4469
 175.000       0.4101
 176.000       0.4055
 177.000       0.3870
 178.000       0.3692
 179.000       0.3913
 180.000       0.3666
 181.000       0.3446
 182.000       0.3448
 183.000       0.3353
 184.000       0.3607
 185.000       0.4401
 186.000       0.5183
 187.000       0.5008
 188.000       0.5220
 189.000       0.5400
 190.000       0.4546
 191.000       0.4472
 192.000       0.4495
 193.000       0.4066
 194.000       0.5614
 195.000       0.6568
 196.000       0.6785
 197.000       0.6500
 198.000       0.5866
 199.000       0.5530
 200.000       0.4300
 201.000       0.3665
 202.000       0.3602
 203.000       0.4111
 204.000       0.4023
 205.000       0.4407
 206.000       0.4902
 207.000       0.4807
 208.000       0.4070
 209.000       0.3897
 210.000       0.3947
 211.000       0.4049
 212.000       0.4016
 213.000       0.4389
 214.000       0.5003
 215.000       0.5316
 216.000       0.5304
 217.000       0.6498
 218.000       0.8456
 219.000       0.9336
 220.000       0.6559
 221.000       0.5220
 222.000       0.4415
 223.000       0.4540
 224.000       0.4656
 225.000       0.4910
 226.000       0.4375
 227.000       0.3697
 228.000       0.3669
 229.000       0.3732
 230.000       0.3614
 231.000       0.3812
 232.000       0.3905
 233.000       0.3665
 234.000       0.3739
 235.000       0.3997
 236.000       0.3880
 237.000       0.4076
 238.000       0.4042
 239.000       0.3886
 240.000       0.3888
 241.000       0.4581
 242.000       0.5312
 243.000       0.5249
 244.000       0.6511
 245.000       0.7184
 246.000       0.5653
 247.000       0.5231
 248.000       0.4547
 249.000       0.5843
 250.000       0.7230
 251.000       0.8053
 252.000       0.7045
 253.000       0.7463
 254.000       0.9490
 255.000       1.1203
 256.000       1.1836
 257.000       0.8361
 258.000       0.6158
 259.000       0.5458
 260.000       0.5164
 261.000       0.5049
 262.000       0.4696
 263.000       0.4362
 264.000       0.5440
 265.000       0.6473
 266.000       0.6100
 267.000       0.7302
 268.000       0.8555
 269.000       0.8454
 270.000       0.6524
 271.000       0.6259
 272.000       0.7424
 273.000       0.7105
 274.000       0.6299
 275.000       0.9043
 276.000       1.2098
 277.000       1.1354
 278.000       1.3088
 279.000       1.2660
 280.000       1.4718
 281.000       1.9422
 282.000       2.0552
 283.000       1.8718
 284.000       1.6946
 285.000       1.4700
 286.000       1.4681
 287.000       1.4165
 288.000       0.9867
 289.000       0.7219
 290.000       0.7253
 291.000       0.6042
 292.000       0.5907
 293.000       0.4749
 294.000       0.3992
 295.000       0.4225
 296.000       0.4524
 297.000       0.4218
 298.000       0.4565
 299.000       0.5630
 300.000       0.5151
 301.000       0.4773
 302.000       0.5378
 303.000       0.5985
 304.000       0.5047
 305.000       0.5236
 306.000       0.6864
 307.000       0.8044
 308.000       0.6513
 309.000       0.5889
 310.000       0.4970
 311.000       0.5497
 312.000       0.6847
 313.000       0.7293
 314.000       0.8379
 315.000       0.8128
 316.000       1.2653
 317.000       0.6070
