#Res        AtomicFlx
   1.000       0.6145
   2.000       0.5556
   3.000       0.7591
   4.000       0.8990
   5.000       0.7501
   6.000       0.5766
   7.000       0.5749
   8.000       0.6754
   9.000       0.6287
  10.000       0.6872
  11.000       0.7075
  12.000       0.7766
  13.000       0.8325
  14.000       0.9022
  15.000       0.8028
  16.000       0.6938
  17.000       0.8261
  18.000       0.9294
  19.000       0.8126
  20.000       0.6357
  21.000       0.5667
  22.000       0.5148
  23.000       0.5811
  24.000       0.8300
  25.000       0.9611
  26.000       0.8778
  27.000       0.8106
  28.000       0.8675
  29.000       0.7727
  30.000       0.6493
  31.000       0.6202
  32.000       0.5018
  33.000       0.4055
  34.000       0.3444
  35.000       0.3301
  36.000       0.3545
  37.000       0.3645
  38.000       0.4267
  39.000       0.6243
  40.000       0.7210
  41.000       0.6024
  42.000       0.5719
  43.000       0.5932
  44.000       0.5419
  45.000       0.5160
  46.000       0.5177
  47.000       0.4607
  48.000       0.3938
  49.000       0.4385
  50.000       0.4891
  51.000       0.4152
  52.000       0.3860
  53.000       0.3829
  54.000       0.4241
  55.000       0.4226
  56.000       0.4214
  57.000       0.4914
  58.000       0.5848
  59.000       0.5880
  60.000       0.6056
  61.000       0.4756
  62.000       0.4199
  63.000       0.3747
  64.000       0.3569
  65.000       0.4612
  66.000       0.5697
  67.000       0.8122
  68.000       0.8681
  69.000       0.9034
  70.000       0.7180
  71.000       0.6372
  72.000       0.5837
  73.000       0.4820
  74.000       0.4624
  75.000       0.4090
  76.000       0.3995
  77.000       0.3942
  78.000       0.4010
  79.000       0.3943
  80.000       0.3774
  81.000       0.3878
  82.000       0.4179
  83.000       0.4089
  84.000       0.3963
  85.000       0.4257
  86.000       0.3979
  87.000       0.3913
  88.000       0.4593
  89.000       0.4469
  90.000       0.4012
  91.000       0.4358
  92.000       0.5415
  93.000       0.5512
  94.000       0.5370
  95.000       0.6443
  96.000       0.6905
  97.000       0.6657
  98.000       0.5341
  99.000       0.4202
 100.000       0.3567
 101.000       0.3545
 102.000       0.3384
 103.000       0.3610
 104.000       0.3861
 105.000       0.3972
 106.000       0.4457
 107.000       0.4262
 108.000       0.4265
 109.000       0.4383
 110.000       0.4225
 111.000       0.4168
 112.000       0.3950
 113.000       0.3816
 114.000       0.3909
 115.000       0.3739
 116.000       0.3561
 117.000       0.3557
 118.000       0.3924
 119.000       0.4638
 120.000       0.5323
 121.000       0.4797
 122.000       0.4619
 123.000       0.4996
 124.000       0.4422
 125.000       0.4334
 126.000       0.3976
 127.000       0.3674
 128.000       0.4006
 129.000       0.3797
 130.000       0.3474
 131.000       0.3287
 132.000       0.3652
 133.000       0.3845
 134.000       0.3825
 135.000       0.4189
 136.000       0.4687
 137.000       0.4651
 138.000       0.4630
 139.000       0.5812
 140.000       0.9811
 141.000       1.7058
 142.000       1.6910
 143.000       1.4906
 144.000       1.0685
 145.000       1.1590
 146.000       1.7524
 147.000       1.9207
 148.000       1.3972
 149.000       0.7887
 150.000       0.6339
 151.000       0.5434
 152.000       0.4869
 153.000       0.4645
 154.000       0.4504
 155.000       0.4312
 156.000       0.3989
 157.000       0.4957
 158.000       0.5635
 159.000       0.5821
 160.000       0.5948
 161.000       0.4420
 162.000       0.3886
 163.000       0.3579
 164.000       0.3906
 165.000       0.4060
 166.000       0.3869
 167.000       0.3931
 168.000       0.4351
 169.000       0.4425
 170.000       0.4412
 171.000       0.5054
 172.000       0.4898
 173.000       0.4667
 174.000       0.6194
 175.000       0.5757
 176.000       0.4613
 177.000       0.4105
 178.000       0.3815
 179.000       0.4013
 180.000       0.3579
 181.000       0.3416
 182.000       0.3421
 183.000       0.3388
 184.000       0.3694
 185.000       0.4620
 186.000       0.5383
 187.000       0.5238
 188.000       0.5567
 189.000       0.5989
 190.000       0.4892
 191.000       0.4560
 192.000       0.4684
 193.000       0.4382
 194.000       0.6308
 195.000       0.7635
 196.000       0.8008
 197.000       0.7221
 198.000       0.6273
 199.000       0.5874
 200.000       0.4418
 201.000       0.3807
 202.000       0.3729
 203.000       0.4182
 204.000       0.4275
 205.000       0.4847
 206.000       0.5501
 207.000       0.5248
 208.000       0.4194
 209.000       0.3964
 210.000       0.3964
 211.000       0.4248
 212.000       0.4378
 213.000       0.4527
 214.000       0.5157
 215.000       0.5822
 216.000       0.5807
 217.000       0.6880
 218.000       0.8640
 219.000       0.9412
 220.000       0.6698
 221.000       0.5525
 222.000       0.4551
 223.000       0.4559
 224.000       0.4662
 225.000       0.5002
 226.000       0.4573
 227.000       0.3853
 228.000       0.3800
 229.000       0.3900
 230.000       0.3885
 231.000       0.4048
 232.000       0.4034
 233.000       0.3796
 234.000       0.3862
 235.000       0.3989
 236.000       0.4025
 237.000       0.4253
 238.000       0.4120
 239.000       0.3847
 240.000       0.3890
 241.000       0.4561
 242.000       0.5078
 243.000       0.5126
 244.000       0.6576
 245.000       0.8030
 246.000       0.6226
 247.000       0.5538
 248.000       0.4931
 249.000       0.6337
 250.000       0.7663
 251.000       0.9720
 252.000       0.9860
 253.000       1.0060
 254.000       1.2064
 255.000       1.4896
 256.000       1.6861
 257.000       1.2820
 258.000       0.6551
 259.000       0.6114
 260.000       0.5831
 261.000       0.5753
 262.000       0.5185
 263.000       0.4555
 264.000       0.5650
 265.000       0.6439
 266.000       0.5913
 267.000       0.6956
 268.000       0.8241
 269.000       0.8027
 270.000       0.6171
 271.000       0.6148
 272.000       0.7353
 273.000       0.6865
 274.000       0.6332
 275.000       0.9521
 276.000       1.2498
 277.000       1.2015
 278.000       1.4752
 279.000       1.3695
 280.000       1.5657
 281.000       2.0887
 282.000       2.1737
 283.000       1.9971
 284.000       1.8472
 285.000       1.5750
 286.000       1.5246
 287.000       1.5292
 288.000       1.1066
 289.000       0.7629
 290.000       0.7799
 291.000       0.6239
 292.000       0.6197
 293.000       0.4956
 294.000       0.4064
 295.000       0.4172
 296.000       0.4456
 297.000       0.4330
 298.000       0.4699
 299.000       0.5738
 300.000       0.5398
 301.000       0.4995
 302.000       0.5713
 303.000       0.6352
 304.000       0.5294
 305.000       0.5676
 306.000       0.7328
 307.000       0.8125
 308.000       0.6726
 309.000       0.6115
 310.000       0.4991
 311.000       0.5515
 312.000       0.6846
 313.000       0.7325
 314.000       0.8188
 315.000       0.8082
 316.000       1.2363
 317.000       0.8010
