#Res        AtomicFlx
   1.000       0.6205
   2.000       0.5563
   3.000       0.8095
   4.000       0.9228
   5.000       0.7299
   6.000       0.5330
   7.000       0.5225
   8.000       0.6079
   9.000       0.5609
  10.000       0.5927
  11.000       0.6242
  12.000       0.6954
  13.000       0.7177
  14.000       0.7543
  15.000       0.6531
  16.000       0.5627
  17.000       0.6966
  18.000       0.8101
  19.000       0.7124
  20.000       0.5725
  21.000       0.4935
  22.000       0.4579
  23.000       0.4731
  24.000       0.6654
  25.000       0.6555
  26.000       0.7078
  27.000       0.6865
  28.000       0.7402
  29.000       0.6427
  30.000       0.5726
  31.000       0.5782
  32.000       0.4584
  33.000       0.3706
  34.000       0.3206
  35.000       0.3114
  36.000       0.3282
  37.000       0.3219
  38.000       0.3443
  39.000       0.4203
  40.000       0.4582
  41.000       0.4425
  42.000       0.4248
  43.000       0.4258
  44.000       0.4138
  45.000       0.4249
  46.000       0.4217
  47.000       0.3750
  48.000       0.3400
  49.000       0.3819
  50.000       0.4365
  51.000       0.3806
  52.000       0.3550
  53.000       0.3411
  54.000       0.3865
  55.000       0.3934
  56.000       0.3925
  57.000       0.4558
  58.000       0.5595
  59.000       0.5665
  60.000       0.5791
  61.000       0.4446
  62.000       0.3850
  63.000       0.3380
  64.000       0.3161
  65.000       0.3897
  66.000       0.4227
  67.000       0.4556
  68.000       0.4800
  69.000       0.5309
  70.000       0.4972
  71.000       0.4743
  72.000       0.5228
  73.000       0.5161
  74.000       0.5666
  75.000       0.4917
  76.000       0.4359
  77.000       0.3720
  78.000       0.4063
  79.000       0.3928
  80.000       0.3480
  81.000       0.3363
  82.000       0.3483
  83.000       0.3527
  84.000       0.3607
  85.000       0.3868
  86.000       0.3689
  87.000       0.3765
  88.000       0.4455
  89.000       0.4230
  90.000       0.3831
  91.000       0.4165
  92.000       0.5128
  93.000       0.5225
  94.000       0.5093
  95.000       0.5983
  96.000       0.6307
  97.000       0.6134
  98.000       0.4864
  99.000       0.4017
 100.000       0.3413
 101.000       0.3430
 102.000       0.3140
 103.000       0.3161
 104.000       0.3537
 105.000       0.4291
 106.000       0.3933
 107.000       0.3847
 108.000       0.3849
 109.000       0.3603
 110.000       0.3419
 111.000       0.3579
 112.000       0.3543
 113.000       0.3393
 114.000       0.3475
 115.000       0.3511
 116.000       0.3485
 117.000       0.3511
 118.000       0.3748
 119.000       0.4208
 120.000       0.4524
 121.000       0.4014
 122.000       0.4194
 123.000       0.4849
 124.000       0.4218
 125.000       0.4054
 126.000       0.3710
 127.000       0.3404
 128.000       0.3389
 129.000       0.3349
 130.000       0.3321
 131.000       0.3245
 132.000       0.3800
 133.000       0.4249
 134.000       0.4645
 135.000       0.4191
 136.000       0.4961
 137.000       0.5211
 138.000       0.5807
 139.000       0.7511
 140.000       1.3212
 141.000       2.5725
 142.000       2.8473
 143.000       2.1707
 144.000       1.6184
 145.000       2.0843
 146.000       2.5177
 147.000       2.6936
 148.000       2.3398
 149.000       1.4226
 150.000       0.7932
 151.000       0.5443
 152.000       0.5543
 153.000       0.6271
 154.000       0.6282
 155.000       0.5017
 156.000       0.4670
 157.000       0.6159
 158.000       0.6450
 159.000       0.6682
 160.000       0.5860
 161.000       0.4585
 162.000       0.3984
 163.000       0.3636
 164.000       0.3934
 165.000       0.3977
 166.000       0.3780
 167.000       0.3891
 168.000       0.4342
 169.000       0.4461
 170.000       0.4553
 171.000       0.5456
 172.000       0.5240
 173.000       0.5057
 174.000       0.6481
 175.000       0.6095
 176.000       0.4412
 177.000       0.3970
 178.000       0.3688
 179.000       0.3702
 180.000       0.3308
 181.000       0.3209
 182.000       0.3469
 183.000       0.3800
 184.000       0.4339
 185.000       0.6043
 186.000       0.6928
 187.000       0.8709
 188.000       1.1402
 189.000       0.9515
 190.000       0.8013
 191.000       0.6439
 192.000       0.6201
 193.000       0.6777
 194.000       0.8078
 195.000       0.7631
 196.000       0.7276
 197.000       0.6088
 198.000       0.5745
 199.000       0.5651
 200.000       0.4590
 201.000       0.4324
 202.000       0.4054
 203.000       0.4300
 204.000       0.4218
 205.000       0.4923
 206.000       0.5504
 207.000       0.5147
 208.000       0.3943
 209.000       0.3825
 210.000       0.3798
 211.000       0.4384
 212.000       0.4670
 213.000       0.4768
 214.000       0.5440
 215.000       0.5668
 216.000       0.5326
 217.000       0.6428
 218.000       0.8422
 219.000       0.9477
 220.000       0.6761
 221.000       0.5556
 222.000       0.4558
 223.000       0.4644
 224.000       0.5604
 225.000       0.5263
 226.000       0.4377
 227.000       0.3732
 228.000       0.3555
 229.000       0.3746
 230.000       0.3643
 231.000       0.3825
 232.000       0.3952
 233.000       0.3779
 234.000       0.3696
 235.000       0.3687
 236.000       0.3707
 237.000       0.3936
 238.000       0.3897
 239.000       0.3783
 240.000       0.3848
 241.000       0.4482
 242.000       0.5096
 243.000       0.5007
 244.000       0.6074
 245.000       0.6752
 246.000       0.5574
 247.000       0.5178
 248.000       0.4556
 249.000       0.6224
 250.000       0.7280
 251.000       0.7494
 252.000       0.6517
 253.000       0.7089
 254.000       0.8962
 255.000       1.0953
 256.000       1.1582
 257.000       0.7981
 258.000       0.6028
 259.000       0.5673
 260.000       0.5320
 261.000       0.5093
 262.000       0.4546
 263.000       0.4166
 264.000       0.5184
 265.000       0.6075
 266.000       0.5571
 267.000       0.6450
 268.000       0.7594
 269.000       0.7399
 270.000       0.5688
 271.000       0.5557
 272.000       0.6372
 273.000       0.5975
 274.000       0.5314
 275.000       0.6895
 276.000       0.7732
 277.000       0.6751
 278.000       0.7148
 279.000       0.8801
 280.000       0.7602
 281.000       0.6864
 282.000       0.8675
 283.000       0.8391
 284.000       0.6550
 285.000       0.7463
 286.000       0.9840
 287.000       0.9905
 288.000       0.9251
 289.000       0.8036
 290.000       0.9221
 291.000       0.6926
 292.000       0.7483
 293.000       0.5863
 294.000       0.4857
 295.000       0.4733
 296.000       0.4731
 297.000       0.4452
 298.000       0.4701
 299.000       0.5673
 300.000       0.5234
 301.000       0.4771
 302.000       0.5519
 303.000       0.6264
 304.000       0.5226
 305.000       0.5617
 306.000       0.7424
 307.000       0.8305
 308.000       0.6951
 309.000       0.6551
 310.000       0.5590
 311.000       0.6198
 312.000       0.7562
 313.000       0.8013
 314.000       0.8604
 315.000       0.8273
 316.000       1.2945
 317.000       1.9330
