#Res        AtomicFlx
   1.000       0.6497
   2.000       0.5900
   3.000       0.8537
   4.000       1.0456
   5.000       0.7661
   6.000       0.5455
   7.000       0.5421
   8.000       0.6237
   9.000       0.5778
  10.000       0.6323
  11.000       0.7294
  12.000       0.7540
  13.000       0.7597
  14.000       0.7986
  15.000       0.6880
  16.000       0.5977
  17.000       0.7575
  18.000       0.8791
  19.000       0.7695
  20.000       0.5955
  21.000       0.4759
  22.000       0.4608
  23.000       0.4889
  24.000       0.6822
  25.000       0.6903
  26.000       0.7302
  27.000       0.7046
  28.000       0.7595
  29.000       0.6665
  30.000       0.5716
  31.000       0.5756
  32.000       0.4569
  33.000       0.3655
  34.000       0.3212
  35.000       0.3136
  36.000       0.3338
  37.000       0.3341
  38.000       0.3817
  39.000       0.4445
  40.000       0.4094
  41.000       0.4443
  42.000       0.4629
  43.000       0.4905
  44.000       0.4924
  45.000       0.5089
  46.000       0.4940
  47.000       0.4490
  48.000       0.4040
  49.000       0.4670
  50.000       0.5449
  51.000       0.4598
  52.000       0.4059
  53.000       0.3868
  54.000       0.4386
  55.000       0.4432
  56.000       0.4232
  57.000       0.4872
  58.000       0.5864
  59.000       0.5861
  60.000       0.5896
  61.000       0.4524
  62.000       0.3906
  63.000       0.3462
  64.000       0.3221
  65.000       0.3968
  66.000       0.4497
  67.000       0.5238
  68.000       0.4721
  69.000       0.5186
  70.000       0.4679
  71.000       0.4966
  72.000       0.4838
  73.000       0.4192
  74.000       0.4213
  75.000       0.3791
  76.000       0.3540
  77.000       0.3577
  78.000       0.3757
  79.000       0.3656
  80.000       0.3504
  81.000       0.3469
  82.000       0.3558
  83.000       0.3528
  84.000       0.3627
  85.000       0.3817
  86.000       0.3645
  87.000       0.3763
  88.000       0.4363
  89.000       0.4140
  90.000       0.3764
  91.000       0.4081
  92.000       0.5102
  93.000       0.5180
  94.000       0.5073
  95.000       0.6106
  96.000       0.6365
  97.000       0.5934
  98.000       0.4783
  99.000       0.4314
 100.000       0.3525
 101.000       0.3525
 102.000       0.3153
 103.000       0.3144
 104.000       0.3492
 105.000       0.3436
 106.000       0.3257
 107.000       0.3419
 108.000       0.3464
 109.000       0.3385
 110.000       0.3232
 111.000       0.3301
 112.000       0.3490
 113.000       0.3444
 114.000       0.3496
 115.000       0.3575
 116.000       0.3507
 117.000       0.3690
 118.000       0.3941
 119.000       0.4523
 120.000       0.4712
 121.000       0.4196
 122.000       0.4300
 123.000       0.5019
 124.000       0.4259
 125.000       0.4110
 126.000       0.3764
 127.000       0.3413
 128.000       0.3327
 129.000       0.3216
 130.000       0.3308
 131.000       0.3352
 132.000       0.3726
 133.000       0.3535
 134.000       0.3669
 135.000       0.3800
 136.000       0.4145
 137.000       0.4278
 138.000       0.5277
 139.000       0.7511
 140.000       0.9925
 141.000       1.9145
 142.000       3.7817
 143.000       3.7292
 144.000       2.5836
 145.000       3.4253
 146.000       4.1662
 147.000       3.2778
 148.000       2.5571
 149.000       1.4903
 150.000       0.8327
 151.000       0.5359
 152.000       0.4576
 153.000       0.3908
 154.000       0.3996
 155.000       0.3929
 156.000       0.3518
 157.000       0.3783
 158.000       0.4661
 159.000       0.5838
 160.000       0.5643
 161.000       0.4420
 162.000       0.4059
 163.000       0.3589
 164.000       0.3830
 165.000       0.4036
 166.000       0.3881
 167.000       0.3892
 168.000       0.4331
 169.000       0.4478
 170.000       0.4604
 171.000       0.5386
 172.000       0.4983
 173.000       0.4694
 174.000       0.6053
 175.000       0.6536
 176.000       0.4878
 177.000       0.4104
 178.000       0.3952
 179.000       0.4133
 180.000       0.3299
 181.000       0.3263
 182.000       0.3459
 183.000       0.3803
 184.000       0.4623
 185.000       0.4785
 186.000       0.5657
 187.000       0.6396
 188.000       0.7772
 189.000       0.7515
 190.000       0.5799
 191.000       0.5687
 192.000       0.5713
 193.000       0.4585
 194.000       0.5392
 195.000       0.5471
 196.000       0.5105
 197.000       0.5054
 198.000       0.5383
 199.000       0.5493
 200.000       0.4326
 201.000       0.3845
 202.000       0.3777
 203.000       0.4165
 204.000       0.4075
 205.000       0.4639
 206.000       0.5198
 207.000       0.5055
 208.000       0.3881
 209.000       0.3821
 210.000       0.3864
 211.000       0.3998
 212.000       0.4102
 213.000       0.4591
 214.000       0.5064
 215.000       0.5182
 216.000       0.5523
 217.000       0.6787
 218.000       0.8529
 219.000       0.9604
 220.000       0.7123
 221.000       0.6514
 222.000       0.5893
 223.000       0.6359
 224.000       0.7161
 225.000       0.6828
 226.000       0.5730
 227.000       0.5033
 228.000       0.4589
 229.000       0.4963
 230.000       0.4796
 231.000       0.4928
 232.000       0.4809
 233.000       0.4321
 234.000       0.4164
 235.000       0.4124
 236.000       0.3832
 237.000       0.4009
 238.000       0.4000
 239.000       0.3822
 240.000       0.3895
 241.000       0.4475
 242.000       0.5111
 243.000       0.5027
 244.000       0.6221
 245.000       0.6878
 246.000       0.5516
 247.000       0.5086
 248.000       0.4436
 249.000       0.5708
 250.000       0.6965
 251.000       0.7383
 252.000       0.6268
 253.000       0.6401
 254.000       0.7848
 255.000       0.9528
 256.000       1.0540
 257.000       0.8030
 258.000       0.6388
 259.000       0.6921
 260.000       0.6762
 261.000       0.6312
 262.000       0.5576
 263.000       0.5116
 264.000       0.6038
 265.000       0.6537
 266.000       0.6156
 267.000       0.7009
 268.000       0.8214
 269.000       0.8096
 270.000       0.6399
 271.000       0.6389
 272.000       0.7383
 273.000       0.6981
 274.000       0.6629
 275.000       0.8552
 276.000       0.9131
 277.000       0.8132
 278.000       0.9109
 279.000       1.0743
 280.000       1.1237
 281.000       1.0310
 282.000       1.2500
 283.000       1.2551
 284.000       0.9219
 285.000       0.9469
 286.000       1.2546
 287.000       1.2242
 288.000       1.0335
 289.000       0.9327
 290.000       1.0542
 291.000       0.7991
 292.000       0.7073
 293.000       0.5360
 294.000       0.4396
 295.000       0.4335
 296.000       0.4443
 297.000       0.4237
 298.000       0.4501
 299.000       0.5556
 300.000       0.5242
 301.000       0.4855
 302.000       0.5752
 303.000       0.6407
 304.000       0.5414
 305.000       0.5531
 306.000       0.6882
 307.000       0.7837
 308.000       0.6817
 309.000       0.6426
 310.000       0.5311
 311.000       0.5775
 312.000       0.7008
 313.000       0.7617
 314.000       0.8278
 315.000       0.7844
 316.000       1.2198
