#Res        AtomicFlx
   1.000       0.6173
   2.000       0.5382
   3.000       0.7420
   4.000       0.9116
   5.000       0.7161
   6.000       0.5232
   7.000       0.5194
   8.000       0.6104
   9.000       0.5602
  10.000       0.5814
  11.000       0.6443
  12.000       0.7100
  13.000       0.7426
  14.000       0.7769
  15.000       0.6644
  16.000       0.5856
  17.000       0.7570
  18.000       0.8757
  19.000       0.7652
  20.000       0.5888
  21.000       0.4602
  22.000       0.4404
  23.000       0.4935
  24.000       0.7150
  25.000       0.7299
  26.000       0.7817
  27.000       0.7465
  28.000       0.8066
  29.000       0.7033
  30.000       0.6106
  31.000       0.5913
  32.000       0.4688
  33.000       0.3776
  34.000       0.3248
  35.000       0.3125
  36.000       0.3255
  37.000       0.3251
  38.000       0.3405
  39.000       0.3806
  40.000       0.3804
  41.000       0.4251
  42.000       0.4128
  43.000       0.4354
  44.000       0.4570
  45.000       0.4903
  46.000       0.4849
  47.000       0.4301
  48.000       0.4072
  49.000       0.4648
  50.000       0.5360
  51.000       0.4654
  52.000       0.4214
  53.000       0.4066
  54.000       0.4460
  55.000       0.4505
  56.000       0.4359
  57.000       0.4912
  58.000       0.5884
  59.000       0.5864
  60.000       0.5899
  61.000       0.4537
  62.000       0.3958
  63.000       0.3485
  64.000       0.3130
  65.000       0.3828
  66.000       0.4171
  67.000       0.4551
  68.000       0.4536
  69.000       0.4967
  70.000       0.4459
  71.000       0.4416
  72.000       0.3996
  73.000       0.3687
  74.000       0.3792
  75.000       0.3517
  76.000       0.3274
  77.000       0.3344
  78.000       0.3589
  79.000       0.3429
  80.000       0.3248
  81.000       0.3249
  82.000       0.3412
  83.000       0.3435
  84.000       0.3550
  85.000       0.3829
  86.000       0.3642
  87.000       0.3685
  88.000       0.4277
  89.000       0.4053
  90.000       0.3762
  91.000       0.4120
  92.000       0.5166
  93.000       0.5442
  94.000       0.5465
  95.000       0.6254
  96.000       0.6506
  97.000       0.6107
  98.000       0.4872
  99.000       0.4106
 100.000       0.3460
 101.000       0.3551
 102.000       0.3200
 103.000       0.2965
 104.000       0.3147
 105.000       0.3525
 106.000       0.3173
 107.000       0.3321
 108.000       0.3472
 109.000       0.3392
 110.000       0.3227
 111.000       0.3339
 112.000       0.3522
 113.000       0.3411
 114.000       0.3410
 115.000       0.3486
 116.000       0.3436
 117.000       0.3491
 118.000       0.3742
 119.000       0.4259
 120.000       0.4544
 121.000       0.4012
 122.000       0.4102
 123.000       0.4710
 124.000       0.4078
 125.000       0.4043
 126.000       0.3723
 127.000       0.3409
 128.000       0.3374
 129.000       0.3184
 130.000       0.3208
 131.000       0.3156
 132.000       0.3560
 133.000       0.3573
 134.000       0.3673
 135.000       0.3920
 136.000       0.4114
 137.000       0.4084
 138.000       0.4935
 139.000       0.7842
 140.000       0.9766
 141.000       1.1799
 142.000       1.4108
 143.000       1.1972
 144.000       1.1231
 145.000       1.3956
 146.000       1.6467
 147.000       1.5041
 148.000       1.3667
 149.000       1.1548
 150.000       0.8312
 151.000       0.5551
 152.000       0.4406
 153.000       0.3720
 154.000       0.3968
 155.000       0.3968
 156.000       0.3536
 157.000       0.3766
 158.000       0.4877
 159.000       0.6375
 160.000       0.5897
 161.000       0.4126
 162.000       0.3722
 163.000       0.3360
 164.000       0.3679
 165.000       0.3815
 166.000       0.3659
 167.000       0.3779
 168.000       0.4223
 169.000       0.4271
 170.000       0.4394
 171.000       0.5143
 172.000       0.4765
 173.000       0.4561
 174.000       0.5753
 175.000       0.5684
 176.000       0.4479
 177.000       0.3850
 178.000       0.3616
 179.000       0.3657
 180.000       0.3209
 181.000       0.3197
 182.000       0.3318
 183.000       0.3679
 184.000       0.4616
 185.000       0.6396
 186.000       0.8353
 187.000       0.9052
 188.000       0.9456
 189.000       0.8959
 190.000       0.6694
 191.000       0.5897
 192.000       0.6222
 193.000       0.5974
 194.000       0.8652
 195.000       0.8351
 196.000       0.7893
 197.000       0.6739
 198.000       0.6202
 199.000       0.5788
 200.000       0.4414
 201.000       0.3605
 202.000       0.3442
 203.000       0.3927
 204.000       0.3953
 205.000       0.4488
 206.000       0.4840
 207.000       0.4696
 208.000       0.3711
 209.000       0.3754
 210.000       0.4188
 211.000       0.4782
 212.000       0.4435
 213.000       0.4766
 214.000       0.5455
 215.000       0.5254
 216.000       0.5347
 217.000       0.6559
 218.000       0.8204
 219.000       0.9239
 220.000       0.6812
 221.000       0.6544
 222.000       0.6308
 223.000       0.7844
 224.000       0.7704
 225.000       0.6870
 226.000       0.5580
 227.000       0.5241
 228.000       0.5163
 229.000       0.4807
 230.000       0.4346
 231.000       0.4247
 232.000       0.4324
 233.000       0.4037
 234.000       0.3908
 235.000       0.3891
 236.000       0.3727
 237.000       0.3911
 238.000       0.3842
 239.000       0.3721
 240.000       0.3836
 241.000       0.4468
 242.000       0.5033
 243.000       0.4940
 244.000       0.6175
 245.000       0.7270
 246.000       0.5646
 247.000       0.5032
 248.000       0.4562
 249.000       0.5915
 250.000       0.6903
 251.000       0.6969
 252.000       0.6084
 253.000       0.6382
 254.000       0.7834
 255.000       0.9642
 256.000       1.0572
 257.000       0.7650
 258.000       0.5993
 259.000       0.6145
 260.000       0.5885
 261.000       0.5589
 262.000       0.5149
 263.000       0.4767
 264.000       0.5762
 265.000       0.6723
 266.000       0.6301
 267.000       0.7281
 268.000       0.8478
 269.000       0.8377
 270.000       0.6531
 271.000       0.6379
 272.000       0.7364
 273.000       0.7005
 274.000       0.6154
 275.000       0.7906
 276.000       0.8588
 277.000       0.7195
 278.000       0.7850
 279.000       1.1012
 280.000       1.0919
 281.000       0.9710
 282.000       1.1298
 283.000       1.0832
 284.000       0.7781
 285.000       0.7651
 286.000       0.9351
 287.000       0.9371
 288.000       0.9210
 289.000       0.9728
 290.000       1.1453
 291.000       0.8638
 292.000       0.7467
 293.000       0.5629
 294.000       0.4503
 295.000       0.4323
 296.000       0.4469
 297.000       0.4137
 298.000       0.4357
 299.000       0.5327
 300.000       0.4965
 301.000       0.4547
 302.000       0.5335
 303.000       0.6052
 304.000       0.5096
 305.000       0.5169
 306.000       0.6787
 307.000       0.7715
 308.000       0.6376
 309.000       0.6127
 310.000       0.5286
 311.000       0.5850
 312.000       0.6967
 313.000       0.7375
 314.000       0.8105
 315.000       0.7931
 316.000       1.2319
