#Res        AtomicFlx
   1.000       0.6146
   2.000       0.5326
   3.000       0.7444
   4.000       0.9095
   5.000       0.7141
   6.000       0.5243
   7.000       0.5263
   8.000       0.6189
   9.000       0.5955
  10.000       0.6668
  11.000       0.6954
  12.000       0.7498
  13.000       0.7636
  14.000       0.8114
  15.000       0.7093
  16.000       0.5913
  17.000       0.7066
  18.000       0.7997
  19.000       0.6940
  20.000       0.5325
  21.000       0.4584
  22.000       0.4663
  23.000       0.5528
  24.000       0.7328
  25.000       0.6862
  26.000       0.6976
  27.000       0.6731
  28.000       0.7383
  29.000       0.7006
  30.000       0.6728
  31.000       0.6472
  32.000       0.4990
  33.000       0.3867
  34.000       0.3308
  35.000       0.3145
  36.000       0.3362
  37.000       0.3352
  38.000       0.3702
  39.000       0.3929
  40.000       0.3975
  41.000       0.4740
  42.000       0.4387
  43.000       0.4953
  44.000       0.5272
  45.000       0.5366
  46.000       0.5149
  47.000       0.4609
  48.000       0.4398
  49.000       0.5297
  50.000       0.6010
  51.000       0.4864
  52.000       0.4056
  53.000       0.3937
  54.000       0.4400
  55.000       0.4276
  56.000       0.4151
  57.000       0.4826
  58.000       0.5702
  59.000       0.5658
  60.000       0.5929
  61.000       0.4680
  62.000       0.4315
  63.000       0.3906
  64.000       0.3617
  65.000       0.4267
  66.000       0.5980
  67.000       0.9346
  68.000       0.6998
  69.000       0.6689
  70.000       0.5429
  71.000       0.5951
  72.000       0.5076
  73.000       0.4457
  74.000       0.4231
  75.000       0.3727
  76.000       0.3478
  77.000       0.3551
  78.000       0.3721
  79.000       0.3649
  80.000       0.3557
  81.000       0.3605
  82.000       0.3630
  83.000       0.3608
  84.000       0.3716
  85.000       0.3985
  86.000       0.3840
  87.000       0.3856
  88.000       0.4774
  89.000       0.4408
  90.000       0.4078
  91.000       0.4373
  92.000       0.5348
  93.000       0.5650
  94.000       0.5670
  95.000       0.6434
  96.000       0.6018
  97.000       0.5495
  98.000       0.4205
  99.000       0.3480
 100.000       0.3342
 101.000       0.3456
 102.000       0.3084
 103.000       0.2951
 104.000       0.3069
 105.000       0.3177
 106.000       0.3092
 107.000       0.3281
 108.000       0.3470
 109.000       0.3433
 110.000       0.3236
 111.000       0.3312
 112.000       0.3469
 113.000       0.3409
 114.000       0.3442
 115.000       0.3497
 116.000       0.3445
 117.000       0.3501
 118.000       0.3709
 119.000       0.4225
 120.000       0.4477
 121.000       0.4013
 122.000       0.4149
 123.000       0.4693
 124.000       0.3921
 125.000       0.3943
 126.000       0.3861
 127.000       0.3734
 128.000       0.3588
 129.000       0.3248
 130.000       0.3228
 131.000       0.3216
 132.000       0.3894
 133.000       0.3737
 134.000       0.3653
 135.000       0.3736
 136.000       0.3977
 137.000       0.3981
 138.000       0.4035
 139.000       0.5128
 140.000       0.5922
 141.000       0.6309
 142.000       0.7424
 143.000       0.7316
 144.000       0.7056
 145.000       0.8232
 146.000       0.8653
 147.000       0.7677
 148.000       0.8883
 149.000       0.7879
 150.000       0.6858
 151.000       0.5445
 152.000       0.4547
 153.000       0.3860
 154.000       0.4156
 155.000       0.4077
 156.000       0.3532
 157.000       0.3754
 158.000       0.4621
 159.000       0.5757
 160.000       0.5538
 161.000       0.4064
 162.000       0.3726
 163.000       0.3371
 164.000       0.3614
 165.000       0.3903
 166.000       0.3863
 167.000       0.3883
 168.000       0.4308
 169.000       0.4408
 170.000       0.4487
 171.000       0.5229
 172.000       0.4764
 173.000       0.4434
 174.000       0.5314
 175.000       0.5034
 176.000       0.4509
 177.000       0.3998
 178.000       0.3771
 179.000       0.3466
 180.000       0.3118
 181.000       0.3129
 182.000       0.3320
 183.000       0.3544
 184.000       0.5420
 185.000       0.6340
 186.000       0.7768
 187.000       0.7284
 188.000       0.5709
 189.000       0.4749
 190.000       0.4523
 191.000       0.5603
 192.000       0.8141
 193.000       0.6265
 194.000       0.7468
 195.000       0.8826
 196.000       0.9570
 197.000       0.8267
 198.000       0.6876
 199.000       0.5763
 200.000       0.4361
 201.000       0.3612
 202.000       0.3515
 203.000       0.3898
 204.000       0.3852
 205.000       0.4283
 206.000       0.4937
 207.000       0.4715
 208.000       0.3701
 209.000       0.3750
 210.000       0.4364
 211.000       0.4792
 212.000       0.4468
 213.000       0.4977
 214.000       0.5803
 215.000       0.5833
 216.000       0.5722
 217.000       0.6711
 218.000       0.8800
 219.000       1.0392
 220.000       0.7738
 221.000       0.6632
 222.000       0.6357
 223.000       0.8777
 224.000       0.9162
 225.000       0.7243
 226.000       0.6036
 227.000       0.5767
 228.000       0.4642
 229.000       0.4639
 230.000       0.4521
 231.000       0.4659
 232.000       0.4766
 233.000       0.4267
 234.000       0.4008
 235.000       0.4034
 236.000       0.3814
 237.000       0.3938
 238.000       0.3850
 239.000       0.3808
 240.000       0.4006
 241.000       0.4651
 242.000       0.5580
 243.000       0.5461
 244.000       0.5837
 245.000       0.4913
 246.000       0.4160
 247.000       0.4058
 248.000       0.4196
 249.000       0.5564
 250.000       0.6557
 251.000       0.6829
 252.000       0.6257
 253.000       0.6585
 254.000       0.7798
 255.000       0.9559
 256.000       1.0596
 257.000       0.7978
 258.000       0.6652
 259.000       0.6723
 260.000       0.6348
 261.000       0.6092
 262.000       0.5460
 263.000       0.5020
 264.000       0.6041
 265.000       0.6862
 266.000       0.6337
 267.000       0.7282
 268.000       0.8450
 269.000       0.8377
 270.000       0.6648
 271.000       0.6576
 272.000       0.7432
 273.000       0.7034
 274.000       0.6665
 275.000       0.8366
 276.000       0.9195
 277.000       0.7644
 278.000       0.7429
 279.000       0.8676
 280.000       0.7969
 281.000       0.6306
 282.000       0.6274
 283.000       0.6454
 284.000       0.5632
 285.000       0.6018
 286.000       0.7036
 287.000       0.7705
 288.000       0.8129
 289.000       0.8455
 290.000       1.1314
 291.000       0.8122
 292.000       0.7646
 293.000       0.5413
 294.000       0.4183
 295.000       0.4221
 296.000       0.4588
 297.000       0.4503
 298.000       0.4660
 299.000       0.5831
 300.000       0.5215
 301.000       0.5045
 302.000       0.7565
 303.000       0.8499
 304.000       0.6367
 305.000       0.8638
 306.000       1.2790
 307.000       1.2562
 308.000       0.8854
 309.000       0.7024
 310.000       0.5328
 311.000       0.5784
 312.000       0.8426
 313.000       1.6167
 314.000       2.7814
 315.000       4.1565
 316.000       5.3728
