#Res        AtomicFlx
   1.000       0.6229
   2.000       0.6199
   3.000       1.0119
   4.000       1.0554
   5.000       0.7837
   6.000       0.5504
   7.000       0.5186
   8.000       0.6129
   9.000       0.5663
  10.000       0.5954
  11.000       0.6839
  12.000       0.7163
  13.000       0.7305
  14.000       0.7705
  15.000       0.6663
  16.000       0.5752
  17.000       0.7219
  18.000       0.8276
  19.000       0.7060
  20.000       0.5557
  21.000       0.4709
  22.000       0.4491
  23.000       0.4962
  24.000       0.6908
  25.000       0.6722
  26.000       0.7064
  27.000       0.6813
  28.000       0.7287
  29.000       0.6528
  30.000       0.5861
  31.000       0.5857
  32.000       0.4648
  33.000       0.3671
  34.000       0.3178
  35.000       0.3046
  36.000       0.3215
  37.000       0.3222
  38.000       0.3580
  39.000       0.4092
  40.000       0.3649
  41.000       0.4003
  42.000       0.4023
  43.000       0.4322
  44.000       0.4538
  45.000       0.4744
  46.000       0.4575
  47.000       0.4248
  48.000       0.3761
  49.000       0.4285
  50.000       0.4981
  51.000       0.4227
  52.000       0.3825
  53.000       0.3644
  54.000       0.4130
  55.000       0.4172
  56.000       0.4078
  57.000       0.4724
  58.000       0.5703
  59.000       0.5854
  60.000       0.5908
  61.000       0.4553
  62.000       0.3985
  63.000       0.3505
  64.000       0.3185
  65.000       0.3859
  66.000       0.4360
  67.000       0.5188
  68.000       0.4852
  69.000       0.5060
  70.000       0.4451
  71.000       0.4705
  72.000       0.4516
  73.000       0.3996
  74.000       0.4071
  75.000       0.3574
  76.000       0.3357
  77.000       0.3365
  78.000       0.3514
  79.000       0.3387
  80.000       0.3320
  81.000       0.3326
  82.000       0.3421
  83.000       0.3508
  84.000       0.3572
  85.000       0.3790
  86.000       0.3625
  87.000       0.3670
  88.000       0.4354
  89.000       0.4122
  90.000       0.3801
  91.000       0.4085
  92.000       0.5015
  93.000       0.5171
  94.000       0.5109
  95.000       0.5930
  96.000       0.5881
  97.000       0.5564
  98.000       0.4262
  99.000       0.3927
 100.000       0.3410
 101.000       0.3517
 102.000       0.3172
 103.000       0.3002
 104.000       0.3041
 105.000       0.3002
 106.000       0.2953
 107.000       0.3232
 108.000       0.3460
 109.000       0.3396
 110.000       0.3208
 111.000       0.3368
 112.000       0.3428
 113.000       0.3351
 114.000       0.3484
 115.000       0.3478
 116.000       0.3354
 117.000       0.3410
 118.000       0.3690
 119.000       0.4231
 120.000       0.4548
 121.000       0.4022
 122.000       0.4157
 123.000       0.4641
 124.000       0.3932
 125.000       0.3937
 126.000       0.3814
 127.000       0.3580
 128.000       0.3489
 129.000       0.3140
 130.000       0.3128
 131.000       0.3065
 132.000       0.3515
 133.000       0.3373
 134.000       0.3435
 135.000       0.3651
 136.000       0.3888
 137.000       0.3826
 138.000       0.3892
 139.000       0.5379
 140.000       0.6756
 141.000       0.7351
 142.000       0.9320
 143.000       0.8624
 144.000       0.8546
 145.000       0.9338
 146.000       1.0067
 147.000       0.9350
 148.000       0.9940
 149.000       0.8948
 150.000       0.8039
 151.000       0.5347
 152.000       0.4463
 153.000       0.3758
 154.000       0.4049
 155.000       0.3954
 156.000       0.3390
 157.000       0.3493
 158.000       0.4501
 159.000       0.5885
 160.000       0.5465
 161.000       0.3829
 162.000       0.3425
 163.000       0.3165
 164.000       0.3451
 165.000       0.3536
 166.000       0.3463
 167.000       0.3615
 168.000       0.4046
 169.000       0.4137
 170.000       0.4289
 171.000       0.4958
 172.000       0.4650
 173.000       0.4455
 174.000       0.5858
 175.000       0.5405
 176.000       0.4374
 177.000       0.3977
 178.000       0.3902
 179.000       0.3825
 180.000       0.3211
 181.000       0.3185
 182.000       0.3303
 183.000       0.3458
 184.000       0.4668
 185.000       0.5146
 186.000       0.6293
 187.000       0.6039
 188.000       0.6621
 189.000       0.5438
 190.000       0.4717
 191.000       0.4706
 192.000       0.5257
 193.000       0.4779
 194.000       0.6074
 195.000       0.6815
 196.000       0.7922
 197.000       0.7054
 198.000       0.6509
 199.000       0.5508
 200.000       0.4011
 201.000       0.3399
 202.000       0.3348
 203.000       0.3892
 204.000       0.3911
 205.000       0.4497
 206.000       0.5017
 207.000       0.4834
 208.000       0.3728
 209.000       0.3696
 210.000       0.3879
 211.000       0.4555
 212.000       0.4540
 213.000       0.5445
 214.000       0.6172
 215.000       0.6131
 216.000       0.5885
 217.000       0.6948
 218.000       0.9184
 219.000       1.0366
 220.000       0.8059
 221.000       0.7350
 222.000       0.7524
 223.000       0.9238
 224.000       1.1146
 225.000       0.7122
 226.000       0.5861
 227.000       0.5293
 228.000       0.4347
 229.000       0.4334
 230.000       0.4493
 231.000       0.4514
 232.000       0.4503
 233.000       0.4269
 234.000       0.4216
 235.000       0.4125
 236.000       0.3797
 237.000       0.4111
 238.000       0.4138
 239.000       0.3897
 240.000       0.4259
 241.000       0.4712
 242.000       0.5414
 243.000       0.5433
 244.000       0.6662
 245.000       0.9777
 246.000       0.8985
 247.000       0.5923
 248.000       0.4894
 249.000       0.7231
 250.000       0.8204
 251.000       0.7860
 252.000       0.7010
 253.000       0.7342
 254.000       0.8686
 255.000       1.0427
 256.000       1.2033
 257.000       0.9359
 258.000       0.6790
 259.000       0.6373
 260.000       0.6589
 261.000       0.6171
 262.000       0.5209
 263.000       0.4674
 264.000       0.5624
 265.000       0.6573
 266.000       0.6015
 267.000       0.6897
 268.000       0.8074
 269.000       0.7893
 270.000       0.5995
 271.000       0.5874
 272.000       0.6863
 273.000       0.6418
 274.000       0.6086
 275.000       0.8205
 276.000       0.9118
 277.000       0.9037
 278.000       0.8765
 279.000       0.8699
 280.000       0.8681
 281.000       0.7248
 282.000       0.6657
 283.000       0.6820
 284.000       0.5684
 285.000       0.5945
 286.000       0.6959
 287.000       0.7246
 288.000       0.7737
 289.000       0.8323
 290.000       0.9954
 291.000       0.7818
 292.000       0.7332
 293.000       0.5301
 294.000       0.4162
 295.000       0.4053
 296.000       0.4192
 297.000       0.4046
 298.000       0.4397
 299.000       0.5503
 300.000       0.5099
 301.000       0.4633
 302.000       0.5343
 303.000       0.5985
 304.000       0.5071
 305.000       0.5089
 306.000       0.6710
 307.000       0.7860
 308.000       0.6268
 309.000       0.5913
 310.000       0.4932
 311.000       0.5568
 312.000       0.6682
 313.000       0.7146
 314.000       0.8349
 315.000       0.8158
 316.000       1.2890
