#Res        AtomicFlx
   1.000       0.6109
   2.000       0.5390
   3.000       0.7717
   4.000       1.0904
   5.000       0.7916
   6.000       0.5482
   7.000       0.5283
   8.000       0.6231
   9.000       0.5814
  10.000       0.5900
  11.000       0.5876
  12.000       0.7096
  13.000       0.8129
  14.000       0.8123
  15.000       0.6568
  16.000       0.6151
  17.000       0.7837
  18.000       0.8388
  19.000       0.7647
  20.000       0.5672
  21.000       0.4504
  22.000       0.4485
  23.000       0.5013
  24.000       0.7130
  25.000       0.7944
  26.000       0.7670
  27.000       0.7362
  28.000       0.7777
  29.000       0.7071
  30.000       0.6150
  31.000       0.5965
  32.000       0.4740
  33.000       0.3775
  34.000       0.3304
  35.000       0.3229
  36.000       0.3351
  37.000       0.3481
  38.000       0.3810
  39.000       0.5272
  40.000       0.4622
  41.000       0.4923
  42.000       0.5532
  43.000       0.5246
  44.000       0.4936
  45.000       0.5334
  46.000       0.5778
  47.000       0.5230
  48.000       0.4335
  49.000       0.4922
  50.000       0.5595
  51.000       0.4711
  52.000       0.4110
  53.000       0.3976
  54.000       0.4589
  55.000       0.4529
  56.000       0.4281
  57.000       0.4998
  58.000       0.5994
  59.000       0.5922
  60.000       0.6007
  61.000       0.4630
  62.000       0.4012
  63.000       0.3472
  64.000       0.3194
  65.000       0.3765
  66.000       0.4333
  67.000       0.5375
  68.000       0.4619
  69.000       0.5182
  70.000       0.4807
  71.000       0.5089
  72.000       0.4892
  73.000       0.4259
  74.000       0.4127
  75.000       0.3592
  76.000       0.3362
  77.000       0.3435
  78.000       0.3598
  79.000       0.3419
  80.000       0.3304
  81.000       0.3267
  82.000       0.3398
  83.000       0.3490
  84.000       0.3569
  85.000       0.3735
  86.000       0.3603
  87.000       0.3741
  88.000       0.4313
  89.000       0.4092
  90.000       0.3748
  91.000       0.4073
  92.000       0.5043
  93.000       0.5218
  94.000       0.5117
  95.000       0.6031
  96.000       0.6399
  97.000       0.6212
  98.000       0.4962
  99.000       0.4427
 100.000       0.3732
 101.000       0.3687
 102.000       0.3200
 103.000       0.3157
 104.000       0.3336
 105.000       0.3262
 106.000       0.2983
 107.000       0.3213
 108.000       0.3372
 109.000       0.3321
 110.000       0.3166
 111.000       0.3245
 112.000       0.3382
 113.000       0.3340
 114.000       0.3418
 115.000       0.3441
 116.000       0.3382
 117.000       0.3517
 118.000       0.3772
 119.000       0.4336
 120.000       0.4598
 121.000       0.4037
 122.000       0.4142
 123.000       0.4844
 124.000       0.4169
 125.000       0.4130
 126.000       0.3923
 127.000       0.3639
 128.000       0.3544
 129.000       0.3285
 130.000       0.3250
 131.000       0.3211
 132.000       0.3469
 133.000       0.3433
 134.000       0.3489
 135.000       0.3602
 136.000       0.3849
 137.000       0.3921
 138.000       0.4137
 139.000       0.5056
 140.000       0.5852
 141.000       0.6754
 142.000       0.9227
 143.000       1.0247
 144.000       0.8961
 145.000       1.1326
 146.000       1.2312
 147.000       1.0241
 148.000       0.9683
 149.000       0.8034
 150.000       0.6027
 151.000       0.4737
 152.000       0.4121
 153.000       0.3791
 154.000       0.3591
 155.000       0.3391
 156.000       0.3298
 157.000       0.3507
 158.000       0.3987
 159.000       0.4948
 160.000       0.4919
 161.000       0.3722
 162.000       0.3362
 163.000       0.3177
 164.000       0.3455
 165.000       0.3497
 166.000       0.3454
 167.000       0.3639
 168.000       0.4003
 169.000       0.4017
 170.000       0.4259
 171.000       0.5017
 172.000       0.4631
 173.000       0.4483
 174.000       0.5127
 175.000       0.5499
 176.000       0.4573
 177.000       0.3993
 178.000       0.3902
 179.000       0.4021
 180.000       0.3293
 181.000       0.3126
 182.000       0.3239
 183.000       0.3352
 184.000       0.4249
 185.000       0.5100
 186.000       0.6406
 187.000       0.6858
 188.000       0.7134
 189.000       0.5839
 190.000       0.4443
 191.000       0.4302
 192.000       0.4709
 193.000       0.4241
 194.000       0.5448
 195.000       0.5662
 196.000       0.5357
 197.000       0.5013
 198.000       0.4998
 199.000       0.4939
 200.000       0.3835
 201.000       0.3409
 202.000       0.3475
 203.000       0.3855
 204.000       0.3845
 205.000       0.4411
 206.000       0.5219
 207.000       0.5082
 208.000       0.3839
 209.000       0.3653
 210.000       0.3709
 211.000       0.3925
 212.000       0.4070
 213.000       0.4548
 214.000       0.5012
 215.000       0.5163
 216.000       0.5220
 217.000       0.6447
 218.000       0.8245
 219.000       0.9178
 220.000       0.6782
 221.000       0.6015
 222.000       0.5598
 223.000       0.6049
 224.000       0.6273
 225.000       0.5818
 226.000       0.4844
 227.000       0.4588
 228.000       0.4320
 229.000       0.4170
 230.000       0.4097
 231.000       0.4331
 232.000       0.4388
 233.000       0.4146
 234.000       0.4028
 235.000       0.3922
 236.000       0.3839
 237.000       0.4175
 238.000       0.4135
 239.000       0.3995
 240.000       0.4315
 241.000       0.4779
 242.000       0.5319
 243.000       0.5235
 244.000       0.6545
 245.000       0.9512
 246.000       0.8960
 247.000       0.5958
 248.000       0.4732
 249.000       0.6242
 250.000       0.7008
 251.000       0.7267
 252.000       0.6508
 253.000       0.6942
 254.000       0.8143
 255.000       1.0010
 256.000       1.0894
 257.000       0.7710
 258.000       0.5773
 259.000       0.6342
 260.000       0.6009
 261.000       0.5689
 262.000       0.5027
 263.000       0.4795
 264.000       0.5936
 265.000       0.6923
 266.000       0.6405
 267.000       0.7289
 268.000       0.8367
 269.000       0.8227
 270.000       0.6456
 271.000       0.6212
 272.000       0.7072
 273.000       0.6798
 274.000       0.6001
 275.000       0.7676
 276.000       0.9159
 277.000       0.8155
 278.000       0.8955
 279.000       1.1111
 280.000       1.0562
 281.000       0.8982
 282.000       1.0071
 283.000       1.0440
 284.000       0.7787
 285.000       0.7459
 286.000       0.9586
 287.000       0.9066
 288.000       0.7387
 289.000       0.6550
 290.000       0.6658
 291.000       0.5332
 292.000       0.5550
 293.000       0.4644
 294.000       0.3777
 295.000       0.3920
 296.000       0.4182
 297.000       0.3948
 298.000       0.4255
 299.000       0.5200
 300.000       0.4872
 301.000       0.4462
 302.000       0.5264
 303.000       0.6023
 304.000       0.4926
 305.000       0.5078
 306.000       0.6682
 307.000       0.7481
 308.000       0.6280
 309.000       0.5845
 310.000       0.4734
 311.000       0.5220
 312.000       0.6758
 313.000       0.7324
 314.000       0.7851
 315.000       0.7644
 316.000       1.2313
