#Res        AtomicFlx
   1.000       0.6932
   2.000       0.6167
   3.000       0.9476
   4.000       1.1265
   5.000       0.8139
   6.000       0.5630
   7.000       0.5494
   8.000       0.6336
   9.000       0.5865
  10.000       0.6140
  11.000       0.6833
  12.000       0.7183
  13.000       0.7402
  14.000       0.7765
  15.000       0.6641
  16.000       0.5807
  17.000       0.7247
  18.000       0.8315
  19.000       0.7228
  20.000       0.5603
  21.000       0.4581
  22.000       0.4465
  23.000       0.4914
  24.000       0.6958
  25.000       0.6956
  26.000       0.7346
  27.000       0.7044
  28.000       0.7708
  29.000       0.7043
  30.000       0.6286
  31.000       0.6113
  32.000       0.4868
  33.000       0.3852
  34.000       0.3206
  35.000       0.3105
  36.000       0.3301
  37.000       0.3353
  38.000       0.3579
  39.000       0.4044
  40.000       0.3953
  41.000       0.4739
  42.000       0.5783
  43.000       0.6241
  44.000       0.5788
  45.000       0.5202
  46.000       0.5233
  47.000       0.4716
  48.000       0.3920
  49.000       0.4465
  50.000       0.5350
  51.000       0.4517
  52.000       0.3919
  53.000       0.3749
  54.000       0.4321
  55.000       0.4331
  56.000       0.4160
  57.000       0.4845
  58.000       0.5820
  59.000       0.5778
  60.000       0.5976
  61.000       0.4623
  62.000       0.4028
  63.000       0.3468
  64.000       0.3140
  65.000       0.3877
  66.000       0.4490
  67.000       0.5550
  68.000       0.5108
  69.000       0.5585
  70.000       0.4796
  71.000       0.4825
  72.000       0.4242
  73.000       0.3850
  74.000       0.3911
  75.000       0.3524
  76.000       0.3278
  77.000       0.3297
  78.000       0.3549
  79.000       0.3434
  80.000       0.3270
  81.000       0.3304
  82.000       0.3414
  83.000       0.3325
  84.000       0.3495
  85.000       0.3755
  86.000       0.3574
  87.000       0.3682
  88.000       0.4492
  89.000       0.4202
  90.000       0.3855
  91.000       0.4147
  92.000       0.5141
  93.000       0.5334
  94.000       0.5221
  95.000       0.6068
  96.000       0.6217
  97.000       0.5929
  98.000       0.4575
  99.000       0.3972
 100.000       0.3398
 101.000       0.3456
 102.000       0.3088
 103.000       0.2947
 104.000       0.2986
 105.000       0.3001
 106.000       0.2919
 107.000       0.3191
 108.000       0.3408
 109.000       0.3355
 110.000       0.3045
 111.000       0.3024
 112.000       0.3122
 113.000       0.3153
 114.000       0.3292
 115.000       0.3355
 116.000       0.3331
 117.000       0.3507
 118.000       0.3743
 119.000       0.4416
 120.000       0.4729
 121.000       0.4120
 122.000       0.4300
 123.000       0.4922
 124.000       0.3999
 125.000       0.3902
 126.000       0.3741
 127.000       0.3560
 128.000       0.3428
 129.000       0.3234
 130.000       0.3174
 131.000       0.3045
 132.000       0.3288
 133.000       0.3302
 134.000       0.3539
 135.000       0.3764
 136.000       0.4130
 137.000       0.4206
 138.000       0.4907
 139.000       0.7035
 140.000       0.7710
 141.000       0.6877
 142.000       0.8467
 143.000       0.9367
 144.000       0.7952
 145.000       0.7919
 146.000       0.9300
 147.000       0.8673
 148.000       0.7743
 149.000       0.7273
 150.000       0.5318
 151.000       0.4750
 152.000       0.4170
 153.000       0.3623
 154.000       0.3496
 155.000       0.3353
 156.000       0.3211
 157.000       0.3499
 158.000       0.4027
 159.000       0.5477
 160.000       0.5420
 161.000       0.3976
 162.000       0.3664
 163.000       0.3376
 164.000       0.3665
 165.000       0.3778
 166.000       0.3673
 167.000       0.3742
 168.000       0.4205
 169.000       0.4183
 170.000       0.4261
 171.000       0.5131
 172.000       0.4435
 173.000       0.4112
 174.000       0.4388
 175.000       0.4750
 176.000       0.4389
 177.000       0.3867
 178.000       0.3727
 179.000       0.3400
 180.000       0.3027
 181.000       0.2961
 182.000       0.3118
 183.000       0.3219
 184.000       0.3899
 185.000       0.4932
 186.000       0.6371
 187.000       0.7607
 188.000       0.9269
 189.000       0.6210
 190.000       0.4818
 191.000       0.5064
 192.000       0.5114
 193.000       0.4141
 194.000       0.5094
 195.000       0.5806
 196.000       0.5601
 197.000       0.4835
 198.000       0.4953
 199.000       0.4979
 200.000       0.3768
 201.000       0.3373
 202.000       0.3205
 203.000       0.3551
 204.000       0.3519
 205.000       0.4045
 206.000       0.4772
 207.000       0.4775
 208.000       0.3668
 209.000       0.3532
 210.000       0.3588
 211.000       0.3871
 212.000       0.4082
 213.000       0.4489
 214.000       0.4963
 215.000       0.5201
 216.000       0.5383
 217.000       0.6718
 218.000       0.8954
 219.000       1.0509
 220.000       0.7333
 221.000       0.6448
 222.000       0.5757
 223.000       0.6193
 224.000       0.8112
 225.000       0.6375
 226.000       0.5060
 227.000       0.4915
 228.000       0.4001
 229.000       0.4154
 230.000       0.4477
 231.000       0.4358
 232.000       0.4240
 233.000       0.4150
 234.000       0.4040
 235.000       0.3891
 236.000       0.3769
 237.000       0.3996
 238.000       0.3938
 239.000       0.3814
 240.000       0.3999
 241.000       0.4628
 242.000       0.5325
 243.000       0.4976
 244.000       0.5691
 245.000       0.4857
 246.000       0.4200
 247.000       0.4040
 248.000       0.4102
 249.000       0.5328
 250.000       0.6655
 251.000       0.7377
 252.000       0.7024
 253.000       0.7377
 254.000       0.8629
 255.000       1.0260
 256.000       1.1383
 257.000       0.8461
 258.000       0.6228
 259.000       0.5801
 260.000       0.5825
 261.000       0.5447
 262.000       0.5145
 263.000       0.4758
 264.000       0.5642
 265.000       0.6545
 266.000       0.6276
 267.000       0.7382
 268.000       0.8541
 269.000       0.8379
 270.000       0.6655
 271.000       0.6452
 272.000       0.7460
 273.000       0.7051
 274.000       0.6549
 275.000       0.8453
 276.000       0.9185
 277.000       0.8917
 278.000       0.9045
 279.000       1.0062
 280.000       0.9659
 281.000       0.8797
 282.000       0.9771
 283.000       0.9942
 284.000       0.7591
 285.000       0.7486
 286.000       0.9668
 287.000       0.9164
 288.000       0.7680
 289.000       0.6784
 290.000       0.7199
 291.000       0.5639
 292.000       0.5567
 293.000       0.4667
 294.000       0.3916
 295.000       0.4051
 296.000       0.4262
 297.000       0.4123
 298.000       0.4455
 299.000       0.5448
 300.000       0.5115
 301.000       0.4654
 302.000       0.5435
 303.000       0.6105
 304.000       0.5087
 305.000       0.5306
 306.000       0.6582
 307.000       0.7286
 308.000       0.6241
 309.000       0.5841
 310.000       0.4852
 311.000       0.5355
 312.000       0.6529
 313.000       0.6922
 314.000       0.7449
 315.000       0.7306
 316.000       1.1570
