#Res        AtomicFlx
   1.000       0.6342
   2.000       0.5559
   3.000       0.8256
   4.000       1.0724
   5.000       0.8002
   6.000       0.5541
   7.000       0.5259
   8.000       0.6034
   9.000       0.5524
  10.000       0.5793
  11.000       0.6211
  12.000       0.6741
  13.000       0.7122
  14.000       0.7484
  15.000       0.6405
  16.000       0.5530
  17.000       0.6985
  18.000       0.8114
  19.000       0.7246
  20.000       0.5572
  21.000       0.4487
  22.000       0.4383
  23.000       0.4737
  24.000       0.7329
  25.000       0.7313
  26.000       0.7285
  27.000       0.7071
  28.000       0.7606
  29.000       0.6797
  30.000       0.6004
  31.000       0.5868
  32.000       0.4619
  33.000       0.3650
  34.000       0.3106
  35.000       0.2983
  36.000       0.3169
  37.000       0.3183
  38.000       0.3422
  39.000       0.3709
  40.000       0.3708
  41.000       0.4045
  42.000       0.4254
  43.000       0.4890
  44.000       0.5840
  45.000       0.5482
  46.000       0.5438
  47.000       0.4668
  48.000       0.3711
  49.000       0.4091
  50.000       0.4601
  51.000       0.3998
  52.000       0.3687
  53.000       0.3516
  54.000       0.4036
  55.000       0.4114
  56.000       0.4000
  57.000       0.4705
  58.000       0.5728
  59.000       0.5617
  60.000       0.5763
  61.000       0.4489
  62.000       0.3898
  63.000       0.3343
  64.000       0.2992
  65.000       0.3585
  66.000       0.3985
  67.000       0.4587
  68.000       0.4319
  69.000       0.4817
  70.000       0.4399
  71.000       0.4340
  72.000       0.3963
  73.000       0.3641
  74.000       0.3755
  75.000       0.3395
  76.000       0.3216
  77.000       0.3293
  78.000       0.3448
  79.000       0.3311
  80.000       0.3206
  81.000       0.3207
  82.000       0.3290
  83.000       0.3339
  84.000       0.3476
  85.000       0.3659
  86.000       0.3503
  87.000       0.3593
  88.000       0.4347
  89.000       0.4119
  90.000       0.3839
  91.000       0.4157
  92.000       0.5180
  93.000       0.5458
  94.000       0.5342
  95.000       0.6134
  96.000       0.6030
  97.000       0.5676
  98.000       0.4280
  99.000       0.4054
 100.000       0.3340
 101.000       0.3364
 102.000       0.3011
 103.000       0.2962
 104.000       0.3059
 105.000       0.3079
 106.000       0.2894
 107.000       0.3173
 108.000       0.3425
 109.000       0.3338
 110.000       0.3067
 111.000       0.3211
 112.000       0.3387
 113.000       0.3253
 114.000       0.3309
 115.000       0.3442
 116.000       0.3507
 117.000       0.3599
 118.000       0.3770
 119.000       0.4426
 120.000       0.4776
 121.000       0.4162
 122.000       0.4338
 123.000       0.4850
 124.000       0.3963
 125.000       0.3915
 126.000       0.3729
 127.000       0.3560
 128.000       0.3423
 129.000       0.3164
 130.000       0.3194
 131.000       0.3129
 132.000       0.3482
 133.000       0.3326
 134.000       0.3400
 135.000       0.3566
 136.000       0.3821
 137.000       0.3909
 138.000       0.4010
 139.000       0.5353
 140.000       0.6333
 141.000       0.6214
 142.000       0.7933
 143.000       0.9264
 144.000       0.7903
 145.000       1.0499
 146.000       1.4221
 147.000       1.2258
 148.000       1.1760
 149.000       1.0757
 150.000       0.6369
 151.000       0.5005
 152.000       0.3928
 153.000       0.3451
 154.000       0.3382
 155.000       0.3237
 156.000       0.3145
 157.000       0.3317
 158.000       0.3846
 159.000       0.5113
 160.000       0.4939
 161.000       0.3786
 162.000       0.3439
 163.000       0.3194
 164.000       0.3497
 165.000       0.3584
 166.000       0.3487
 167.000       0.3606
 168.000       0.4023
 169.000       0.4046
 170.000       0.4246
 171.000       0.5153
 172.000       0.4541
 173.000       0.4262
 174.000       0.4696
 175.000       0.5154
 176.000       0.4490
 177.000       0.3839
 178.000       0.3682
 179.000       0.3378
 180.000       0.3043
 181.000       0.3105
 182.000       0.3330
 183.000       0.3434
 184.000       0.4525
 185.000       0.6183
 186.000       0.8542
 187.000       0.7105
 188.000       0.8041
 189.000       0.6138
 190.000       0.4463
 191.000       0.4355
 192.000       0.5093
 193.000       0.4747
 194.000       0.6108
 195.000       0.6062
 196.000       0.5634
 197.000       0.5116
 198.000       0.5157
 199.000       0.5061
 200.000       0.3877
 201.000       0.3330
 202.000       0.3265
 203.000       0.3707
 204.000       0.3677
 205.000       0.4290
 206.000       0.5167
 207.000       0.4907
 208.000       0.3825
 209.000       0.3720
 210.000       0.3734
 211.000       0.4098
 212.000       0.4391
 213.000       0.4839
 214.000       0.5352
 215.000       0.5408
 216.000       0.5018
 217.000       0.6318
 218.000       0.8054
 219.000       0.8932
 220.000       0.6903
 221.000       0.6858
 222.000       0.6366
 223.000       0.7471
 224.000       0.6737
 225.000       0.5734
 226.000       0.5418
 227.000       0.4903
 228.000       0.4078
 229.000       0.4075
 230.000       0.4320
 231.000       0.4314
 232.000       0.4249
 233.000       0.4002
 234.000       0.3867
 235.000       0.3796
 236.000       0.3724
 237.000       0.3950
 238.000       0.3899
 239.000       0.3787
 240.000       0.4006
 241.000       0.4724
 242.000       0.5407
 243.000       0.5024
 244.000       0.5780
 245.000       0.4840
 246.000       0.4132
 247.000       0.4161
 248.000       0.4241
 249.000       0.5583
 250.000       0.6696
 251.000       0.6890
 252.000       0.6146
 253.000       0.6519
 254.000       0.7318
 255.000       0.8800
 256.000       0.9726
 257.000       0.7174
 258.000       0.5741
 259.000       0.5949
 260.000       0.6003
 261.000       0.5956
 262.000       0.5327
 263.000       0.4719
 264.000       0.5876
 265.000       0.6786
 266.000       0.6195
 267.000       0.7169
 268.000       0.8385
 269.000       0.7972
 270.000       0.6144
 271.000       0.6276
 272.000       0.7134
 273.000       0.6584
 274.000       0.6227
 275.000       0.8177
 276.000       0.9924
 277.000       0.7826
 278.000       0.7425
 279.000       0.8260
 280.000       0.7314
 281.000       0.6279
 282.000       0.7237
 283.000       0.7643
 284.000       0.6315
 285.000       0.6475
 286.000       0.8430
 287.000       0.8566
 288.000       0.7377
 289.000       0.6430
 290.000       0.7528
 291.000       0.5720
 292.000       0.5685
 293.000       0.4614
 294.000       0.3735
 295.000       0.3856
 296.000       0.4145
 297.000       0.3921
 298.000       0.4215
 299.000       0.5168
 300.000       0.4931
 301.000       0.4515
 302.000       0.5342
 303.000       0.6042
 304.000       0.4913
 305.000       0.5215
 306.000       0.7358
 307.000       0.7727
 308.000       0.6173
 309.000       0.5744
 310.000       0.4683
 311.000       0.5297
 312.000       0.6756
 313.000       0.6926
 314.000       0.7552
 315.000       0.7519
 316.000       1.2214
