#Res        AtomicFlx
   1.000       0.6300
   2.000       0.5395
   3.000       0.7454
   4.000       0.9029
   5.000       0.7174
   6.000       0.5213
   7.000       0.5138
   8.000       0.5995
   9.000       0.5585
  10.000       0.5836
  11.000       0.6073
  12.000       0.6987
  13.000       0.7557
  14.000       0.7796
  15.000       0.6546
  16.000       0.5732
  17.000       0.7308
  18.000       0.8290
  19.000       0.7305
  20.000       0.5686
  21.000       0.4595
  22.000       0.4455
  23.000       0.4901
  24.000       0.6916
  25.000       0.7175
  26.000       0.7377
  27.000       0.7027
  28.000       0.7674
  29.000       0.6813
  30.000       0.5952
  31.000       0.5830
  32.000       0.4530
  33.000       0.3560
  34.000       0.3091
  35.000       0.3006
  36.000       0.3229
  37.000       0.3233
  38.000       0.3476
  39.000       0.3699
  40.000       0.3670
  41.000       0.4184
  42.000       0.4354
  43.000       0.4714
  44.000       0.4883
  45.000       0.4711
  46.000       0.4724
  47.000       0.4335
  48.000       0.3800
  49.000       0.4265
  50.000       0.4856
  51.000       0.4184
  52.000       0.3806
  53.000       0.3615
  54.000       0.4102
  55.000       0.4174
  56.000       0.4066
  57.000       0.4732
  58.000       0.5767
  59.000       0.5679
  60.000       0.5718
  61.000       0.4439
  62.000       0.3880
  63.000       0.3365
  64.000       0.3034
  65.000       0.3776
  66.000       0.4176
  67.000       0.4369
  68.000       0.4306
  69.000       0.4727
  70.000       0.4336
  71.000       0.4333
  72.000       0.3970
  73.000       0.3610
  74.000       0.3752
  75.000       0.3405
  76.000       0.3276
  77.000       0.3389
  78.000       0.3505
  79.000       0.3363
  80.000       0.3278
  81.000       0.3251
  82.000       0.3378
  83.000       0.3488
  84.000       0.3574
  85.000       0.3780
  86.000       0.3640
  87.000       0.3681
  88.000       0.4435
  89.000       0.4154
  90.000       0.3819
  91.000       0.4116
  92.000       0.5059
  93.000       0.5227
  94.000       0.5144
  95.000       0.5940
  96.000       0.5847
  97.000       0.5516
  98.000       0.4187
  99.000       0.3659
 100.000       0.3230
 101.000       0.3328
 102.000       0.3018
 103.000       0.3060
 104.000       0.3288
 105.000       0.3184
 106.000       0.3018
 107.000       0.3211
 108.000       0.3311
 109.000       0.3273
 110.000       0.3153
 111.000       0.3219
 112.000       0.3361
 113.000       0.3363
 114.000       0.3401
 115.000       0.3428
 116.000       0.3373
 117.000       0.3392
 118.000       0.3661
 119.000       0.4263
 120.000       0.4630
 121.000       0.4107
 122.000       0.4222
 123.000       0.4653
 124.000       0.3871
 125.000       0.3862
 126.000       0.3718
 127.000       0.3612
 128.000       0.3510
 129.000       0.3221
 130.000       0.3248
 131.000       0.3336
 132.000       0.3653
 133.000       0.3362
 134.000       0.3380
 135.000       0.3530
 136.000       0.3755
 137.000       0.3787
 138.000       0.3723
 139.000       0.4819
 140.000       0.5772
 141.000       0.6225
 142.000       0.8026
 143.000       0.8579
 144.000       0.7288
 145.000       0.8163
 146.000       0.9365
 147.000       0.8343
 148.000       0.7676
 149.000       0.7000
 150.000       0.4871
 151.000       0.4231
 152.000       0.3733
 153.000       0.3354
 154.000       0.3258
 155.000       0.3131
 156.000       0.3053
 157.000       0.3228
 158.000       0.3668
 159.000       0.4792
 160.000       0.4962
 161.000       0.3735
 162.000       0.3401
 163.000       0.3177
 164.000       0.3435
 165.000       0.3547
 166.000       0.3507
 167.000       0.3616
 168.000       0.3987
 169.000       0.4125
 170.000       0.4303
 171.000       0.5077
 172.000       0.4627
 173.000       0.4299
 174.000       0.5291
 175.000       0.4909
 176.000       0.4331
 177.000       0.3887
 178.000       0.3645
 179.000       0.3383
 180.000       0.3067
 181.000       0.3117
 182.000       0.3429
 183.000       0.3445
 184.000       0.4417
 185.000       0.5922
 186.000       0.7766
 187.000       0.6949
 188.000       0.8021
 189.000       0.5863
 190.000       0.4181
 191.000       0.4341
 192.000       0.5382
 193.000       0.4662
 194.000       0.5948
 195.000       0.5951
 196.000       0.5606
 197.000       0.5150
 198.000       0.5221
 199.000       0.4957
 200.000       0.3736
 201.000       0.3229
 202.000       0.3193
 203.000       0.3679
 204.000       0.3712
 205.000       0.4254
 206.000       0.5006
 207.000       0.4673
 208.000       0.3681
 209.000       0.3632
 210.000       0.3666
 211.000       0.4005
 212.000       0.4261
 213.000       0.4736
 214.000       0.5289
 215.000       0.5199
 216.000       0.5142
 217.000       0.6543
 218.000       0.9187
 219.000       1.0413
 220.000       0.7896
 221.000       0.7446
 222.000       0.7860
 223.000       1.1816
 224.000       0.8269
 225.000       0.6116
 226.000       0.5918
 227.000       0.5906
 228.000       0.4621
 229.000       0.4548
 230.000       0.5024
 231.000       0.5013
 232.000       0.4834
 233.000       0.4613
 234.000       0.4372
 235.000       0.4073
 236.000       0.3822
 237.000       0.4028
 238.000       0.4045
 239.000       0.3911
 240.000       0.4058
 241.000       0.4743
 242.000       0.5501
 243.000       0.5135
 244.000       0.6051
 245.000       0.4818
 246.000       0.3958
 247.000       0.3974
 248.000       0.4128
 249.000       0.5387
 250.000       0.6553
 251.000       0.7185
 252.000       0.6658
 253.000       0.6864
 254.000       0.7744
 255.000       0.9425
 256.000       1.0390
 257.000       0.7580
 258.000       0.5868
 259.000       0.6212
 260.000       0.6304
 261.000       0.6407
 262.000       0.5754
 263.000       0.5070
 264.000       0.6217
 265.000       0.6931
 266.000       0.6211
 267.000       0.7074
 268.000       0.8230
 269.000       0.7870
 270.000       0.6068
 271.000       0.6231
 272.000       0.7149
 273.000       0.6784
 274.000       0.6475
 275.000       0.9146
 276.000       1.1888
 277.000       1.0337
 278.000       1.0215
 279.000       1.1100
 280.000       0.8360
 281.000       0.7586
 282.000       0.8151
 283.000       0.7891
 284.000       0.6188
 285.000       0.6055
 286.000       0.7857
 287.000       0.7953
 288.000       0.6481
 289.000       0.5661
 290.000       0.5786
 291.000       0.4962
 292.000       0.5125
 293.000       0.4295
 294.000       0.3592
 295.000       0.3743
 296.000       0.4016
 297.000       0.3940
 298.000       0.4307
 299.000       0.5264
 300.000       0.4845
 301.000       0.4508
 302.000       0.5345
 303.000       0.6063
 304.000       0.5037
 305.000       0.5675
 306.000       0.9992
 307.000       0.9617
 308.000       0.6805
 309.000       0.5770
 310.000       0.4553
 311.000       0.4933
 312.000       0.6273
 313.000       0.8436
 314.000       0.9795
 315.000       1.2314
 316.000       1.8536
