#Res        AtomicFlx
   1.000       0.6202
   2.000       0.6509
   3.000       1.1195
   4.000       1.3552
   5.000       1.0629
   6.000       0.7094
   7.000       0.5787
   8.000       0.6667
   9.000       0.6566
  10.000       0.8148
  11.000       0.9015
  12.000       0.9952
  13.000       0.9104
  14.000       0.9282
  15.000       0.7929
  16.000       0.6334
  17.000       0.7423
  18.000       0.9020
  19.000       1.0181
  20.000       0.6258
  21.000       0.5550
  22.000       0.5459
  23.000       0.5973
  24.000       0.7835
  25.000       0.7110
  26.000       0.7321
  27.000       0.7911
  28.000       0.8553
  29.000       0.7111
  30.000       0.6243
  31.000       0.6084
  32.000       0.4662
  33.000       0.3778
  34.000       0.3343
  35.000       0.3225
  36.000       0.3436
  37.000       0.3455
  38.000       0.3672
  39.000       0.4132
  40.000       0.4142
  41.000       0.5025
  42.000       0.4980
  43.000       0.4817
  44.000       0.5275
  45.000       0.5076
  46.000       0.4739
  47.000       0.4051
  48.000       0.3637
  49.000       0.4061
  50.000       0.4434
  51.000       0.3839
  52.000       0.3654
  53.000       0.3618
  54.000       0.4085
  55.000       0.4070
  56.000       0.4077
  57.000       0.4763
  58.000       0.5596
  59.000       0.5643
  60.000       0.5823
  61.000       0.4614
  62.000       0.4318
  63.000       0.4042
  64.000       0.3878
  65.000       0.4727
  66.000       0.5931
  67.000       0.6366
  68.000       0.9501
  69.000       1.1724
  70.000       0.7827
  71.000       0.5819
  72.000       0.4864
  73.000       0.4777
  74.000       0.4805
  75.000       0.4124
  76.000       0.3933
  77.000       0.4104
  78.000       0.4432
  79.000       0.4295
  80.000       0.4132
  81.000       0.3930
  82.000       0.4094
  83.000       0.4082
  84.000       0.3906
  85.000       0.4308
  86.000       0.4309
  87.000       0.4251
  88.000       0.5081
  89.000       0.4934
  90.000       0.4336
  91.000       0.4529
  92.000       0.5587
  93.000       0.5786
  94.000       0.5456
  95.000       0.6282
  96.000       0.6173
  97.000       0.5570
  98.000       0.4227
  99.000       0.3589
 100.000       0.3287
 101.000       0.3329
 102.000       0.3020
 103.000       0.2976
 104.000       0.3040
 105.000       0.3118
 106.000       0.3162
 107.000       0.3324
 108.000       0.3385
 109.000       0.3347
 110.000       0.3341
 111.000       0.3373
 112.000       0.3369
 113.000       0.3431
 114.000       0.3533
 115.000       0.3502
 116.000       0.3443
 117.000       0.3552
 118.000       0.3872
 119.000       0.4541
 120.000       0.5088
 121.000       0.4300
 122.000       0.4279
 123.000       0.4900
 124.000       0.4055
 125.000       0.3873
 126.000       0.3778
 127.000       0.3543
 128.000       0.3494
 129.000       0.3208
 130.000       0.3111
 131.000       0.2961
 132.000       0.3081
 133.000       0.3186
 134.000       0.3428
 135.000       0.3623
 136.000       0.3893
 137.000       0.3849
 138.000       0.3813
 139.000       0.4900
 140.000       0.5946
 141.000       0.6456
 142.000       0.7785
 143.000       0.8388
 144.000       0.7482
 145.000       0.9839
 146.000       1.1149
 147.000       1.0941
 148.000       1.0528
 149.000       0.7981
 150.000       0.5617
 151.000       0.4920
 152.000       0.4403
 153.000       0.3962
 154.000       0.3716
 155.000       0.3431
 156.000       0.3100
 157.000       0.3483
 158.000       0.4157
 159.000       0.5283
 160.000       0.6581
 161.000       0.3880
 162.000       0.3451
 163.000       0.3244
 164.000       0.3553
 165.000       0.3692
 166.000       0.3563
 167.000       0.3730
 168.000       0.4173
 169.000       0.4184
 170.000       0.4322
 171.000       0.5102
 172.000       0.4617
 173.000       0.4222
 174.000       0.4849
 175.000       0.4780
 176.000       0.4450
 177.000       0.3967
 178.000       0.3644
 179.000       0.3302
 180.000       0.2937
 181.000       0.2890
 182.000       0.3057
 183.000       0.3056
 184.000       0.3494
 185.000       0.4016
 186.000       0.4439
 187.000       0.4668
 188.000       0.6963
 189.000       0.5574
 190.000       0.4122
 191.000       0.4172
 192.000       0.4709
 193.000       0.3938
 194.000       0.4994
 195.000       0.5103
 196.000       0.4919
 197.000       0.4679
 198.000       0.4949
 199.000       0.4874
 200.000       0.3721
 201.000       0.3295
 202.000       0.3131
 203.000       0.3468
 204.000       0.3455
 205.000       0.3927
 206.000       0.4728
 207.000       0.4523
 208.000       0.3523
 209.000       0.3448
 210.000       0.3449
 211.000       0.3806
 212.000       0.3915
 213.000       0.4398
 214.000       0.5114
 215.000       0.5547
 216.000       0.5632
 217.000       0.7123
 218.000       0.9244
 219.000       0.9812
 220.000       0.7382
 221.000       0.6747
 222.000       0.6673
 223.000       0.8796
 224.000       0.8396
 225.000       0.7082
 226.000       0.5344
 227.000       0.3893
 228.000       0.3626
 229.000       0.3639
 230.000       0.3714
 231.000       0.4189
 232.000       0.4252
 233.000       0.3881
 234.000       0.3820
 235.000       0.3755
 236.000       0.3559
 237.000       0.3831
 238.000       0.3840
 239.000       0.3717
 240.000       0.3906
 241.000       0.4585
 242.000       0.5438
 243.000       0.5448
 244.000       0.5880
 245.000       0.4874
 246.000       0.4100
 247.000       0.3886
 248.000       0.4037
 249.000       0.5303
 250.000       0.6291
 251.000       0.6502
 252.000       0.5895
 253.000       0.6122
 254.000       0.7071
 255.000       0.8536
 256.000       0.9408
 257.000       0.7410
 258.000       0.6369
 259.000       0.6397
 260.000       0.5765
 261.000       0.5278
 262.000       0.4514
 263.000       0.4455
 264.000       0.5392
 265.000       0.6184
 266.000       0.5671
 267.000       0.6299
 268.000       0.7106
 269.000       0.6925
 270.000       0.5385
 271.000       0.5080
 272.000       0.5618
 273.000       0.5275
 274.000       0.4733
 275.000       0.6041
 276.000       0.6373
 277.000       0.5648
 278.000       0.6661
 279.000       0.7290
 280.000       0.7417
 281.000       0.6882
 282.000       0.6899
 283.000       0.7583
 284.000       0.8403
 285.000       0.8429
 286.000       1.3464
 287.000       1.5275
 288.000       1.3641
 289.000       1.0850
 290.000       0.9360
 291.000       0.6128
 292.000       0.5823
 293.000       0.4612
 294.000       0.3804
 295.000       0.4051
 296.000       0.4404
 297.000       0.4510
 298.000       0.5002
 299.000       0.6034
 300.000       0.5331
 301.000       0.4762
 302.000       0.5290
 303.000       0.6031
 304.000       0.5100
 305.000       0.5352
 306.000       0.7212
 307.000       0.7894
 308.000       0.6557
 309.000       0.5884
 310.000       0.4890
 311.000       0.5363
 312.000       0.7138
 313.000       0.7753
 314.000       0.8491
 315.000       0.8420
 316.000       1.3214
