#Res        AtomicFlx
   1.000       0.6188
   2.000       0.5857
   3.000       0.9220
   4.000       1.1385
   5.000       0.8189
   6.000       0.5706
   7.000       0.5697
   8.000       0.6465
   9.000       0.6084
  10.000       0.6662
  11.000       0.7775
  12.000       0.8050
  13.000       0.7882
  14.000       0.8504
  15.000       0.7689
  16.000       0.6260
  17.000       0.7097
  18.000       0.8592
  19.000       0.9228
  20.000       0.6009
  21.000       0.5008
  22.000       0.4715
  23.000       0.5025
  24.000       0.6905
  25.000       0.6655
  26.000       0.7050
  27.000       0.7322
  28.000       0.8099
  29.000       0.6712
  30.000       0.5788
  31.000       0.5891
  32.000       0.4502
  33.000       0.3621
  34.000       0.3264
  35.000       0.3198
  36.000       0.3424
  37.000       0.3342
  38.000       0.3507
  39.000       0.3802
  40.000       0.4323
  41.000       0.5277
  42.000       0.5066
  43.000       0.5399
  44.000       0.5900
  45.000       0.5712
  46.000       0.5171
  47.000       0.4318
  48.000       0.3817
  49.000       0.4287
  50.000       0.4690
  51.000       0.4003
  52.000       0.3716
  53.000       0.3600
  54.000       0.4069
  55.000       0.4106
  56.000       0.4012
  57.000       0.4662
  58.000       0.5632
  59.000       0.5617
  60.000       0.5767
  61.000       0.4516
  62.000       0.4040
  63.000       0.3614
  64.000       0.3496
  65.000       0.4430
  66.000       0.5684
  67.000       0.6833
  68.000       1.0105
  69.000       1.1897
  70.000       0.7440
  71.000       0.5913
  72.000       0.5516
  73.000       0.4915
  74.000       0.4943
  75.000       0.4313
  76.000       0.3969
  77.000       0.3926
  78.000       0.4452
  79.000       0.4616
  80.000       0.3928
  81.000       0.3706
  82.000       0.3891
  83.000       0.3902
  84.000       0.3885
  85.000       0.3963
  86.000       0.3869
  87.000       0.4041
  88.000       0.4772
  89.000       0.4478
  90.000       0.4056
  91.000       0.4305
  92.000       0.5217
  93.000       0.5312
  94.000       0.5153
  95.000       0.5909
  96.000       0.5779
  97.000       0.5347
  98.000       0.4070
  99.000       0.3352
 100.000       0.3192
 101.000       0.3363
 102.000       0.3033
 103.000       0.2920
 104.000       0.2963
 105.000       0.3038
 106.000       0.3043
 107.000       0.3223
 108.000       0.3358
 109.000       0.3319
 110.000       0.3310
 111.000       0.3512
 112.000       0.3487
 113.000       0.3423
 114.000       0.3463
 115.000       0.3430
 116.000       0.3373
 117.000       0.3508
 118.000       0.3758
 119.000       0.4314
 120.000       0.4634
 121.000       0.3987
 122.000       0.4147
 123.000       0.4673
 124.000       0.3912
 125.000       0.3866
 126.000       0.3752
 127.000       0.3576
 128.000       0.3524
 129.000       0.3230
 130.000       0.3112
 131.000       0.3015
 132.000       0.3355
 133.000       0.3278
 134.000       0.3461
 135.000       0.3663
 136.000       0.3877
 137.000       0.3884
 138.000       0.4230
 139.000       0.5394
 140.000       0.6333
 141.000       0.6539
 142.000       0.9152
 143.000       1.1219
 144.000       0.8758
 145.000       1.1789
 146.000       1.4188
 147.000       1.4469
 148.000       1.3549
 149.000       0.8320
 150.000       0.5388
 151.000       0.4858
 152.000       0.4560
 153.000       0.4319
 154.000       0.4013
 155.000       0.3752
 156.000       0.3216
 157.000       0.3628
 158.000       0.4385
 159.000       0.5359
 160.000       0.5812
 161.000       0.3854
 162.000       0.3485
 163.000       0.3231
 164.000       0.3489
 165.000       0.3643
 166.000       0.3570
 167.000       0.3723
 168.000       0.4153
 169.000       0.4182
 170.000       0.4371
 171.000       0.5244
 172.000       0.4797
 173.000       0.4380
 174.000       0.5194
 175.000       0.4884
 176.000       0.4336
 177.000       0.3898
 178.000       0.3660
 179.000       0.3359
 180.000       0.3017
 181.000       0.2989
 182.000       0.3231
 183.000       0.3435
 184.000       0.4043
 185.000       0.4414
 186.000       0.6038
 187.000       0.7528
 188.000       0.9177
 189.000       0.5734
 190.000       0.4525
 191.000       0.4469
 192.000       0.4752
 193.000       0.4247
 194.000       0.5295
 195.000       0.5439
 196.000       0.5181
 197.000       0.4891
 198.000       0.5074
 199.000       0.5005
 200.000       0.3859
 201.000       0.3403
 202.000       0.3238
 203.000       0.3587
 204.000       0.3548
 205.000       0.4067
 206.000       0.4840
 207.000       0.4614
 208.000       0.3619
 209.000       0.3554
 210.000       0.3614
 211.000       0.3909
 212.000       0.3985
 213.000       0.4413
 214.000       0.5021
 215.000       0.5253
 216.000       0.5202
 217.000       0.6355
 218.000       0.8037
 219.000       0.9038
 220.000       0.6685
 221.000       0.6390
 222.000       0.6026
 223.000       0.6108
 224.000       0.5317
 225.000       0.5172
 226.000       0.4600
 227.000       0.4218
 228.000       0.3792
 229.000       0.3991
 230.000       0.4100
 231.000       0.4455
 232.000       0.4485
 233.000       0.4174
 234.000       0.4117
 235.000       0.3960
 236.000       0.3680
 237.000       0.3925
 238.000       0.3900
 239.000       0.3775
 240.000       0.4015
 241.000       0.4665
 242.000       0.5328
 243.000       0.5052
 244.000       0.5751
 245.000       0.4786
 246.000       0.4055
 247.000       0.4056
 248.000       0.4149
 249.000       0.5364
 250.000       0.6429
 251.000       0.6731
 252.000       0.6139
 253.000       0.6489
 254.000       0.7494
 255.000       0.9019
 256.000       0.9914
 257.000       0.7728
 258.000       0.6330
 259.000       0.6559
 260.000       0.6203
 261.000       0.5508
 262.000       0.4704
 263.000       0.4644
 264.000       0.5709
 265.000       0.6549
 266.000       0.5975
 267.000       0.6681
 268.000       0.7725
 269.000       0.7517
 270.000       0.5841
 271.000       0.5632
 272.000       0.6300
 273.000       0.5913
 274.000       0.5300
 275.000       0.6920
 276.000       0.7492
 277.000       0.6542
 278.000       0.7020
 279.000       0.7875
 280.000       0.8096
 281.000       0.7614
 282.000       0.7628
 283.000       0.7967
 284.000       0.8155
 285.000       0.8083
 286.000       0.9928
 287.000       1.1065
 288.000       1.1710
 289.000       1.1243
 290.000       1.0593
 291.000       0.5787
 292.000       0.5506
 293.000       0.4635
 294.000       0.3912
 295.000       0.4067
 296.000       0.4336
 297.000       0.4312
 298.000       0.4806
 299.000       0.5842
 300.000       0.5164
 301.000       0.4606
 302.000       0.5098
 303.000       0.5901
 304.000       0.5041
 305.000       0.5139
 306.000       0.6834
 307.000       0.8272
 308.000       0.6700
 309.000       0.6027
 310.000       0.4983
 311.000       0.5374
 312.000       0.7042
 313.000       0.7959
 314.000       0.9040
 315.000       0.8749
 316.000       1.2920
