#Res        AtomicFlx
   1.000       0.6102
   2.000       0.5306
   3.000       0.7638
   4.000       0.9095
   5.000       0.7283
   6.000       0.5232
   7.000       0.5152
   8.000       0.6007
   9.000       0.5572
  10.000       0.5875
  11.000       0.6134
  12.000       0.7030
  13.000       0.7253
  14.000       0.7603
  15.000       0.6566
  16.000       0.5586
  17.000       0.6890
  18.000       0.7934
  19.000       0.7007
  20.000       0.5506
  21.000       0.4602
  22.000       0.4637
  23.000       0.5086
  24.000       0.7515
  25.000       0.7739
  26.000       0.8058
  27.000       0.7684
  28.000       0.8667
  29.000       0.7683
  30.000       0.6627
  31.000       0.6081
  32.000       0.4767
  33.000       0.3769
  34.000       0.3277
  35.000       0.3255
  36.000       0.3456
  37.000       0.3456
  38.000       0.3867
  39.000       0.4570
  40.000       0.4287
  41.000       0.5594
  42.000       0.5672
  43.000       0.5789
  44.000       0.5398
  45.000       0.5424
  46.000       0.5909
  47.000       0.5294
  48.000       0.4489
  49.000       0.4958
  50.000       0.5378
  51.000       0.4590
  52.000       0.4087
  53.000       0.3948
  54.000       0.4538
  55.000       0.4508
  56.000       0.4268
  57.000       0.4917
  58.000       0.6013
  59.000       0.5948
  60.000       0.6041
  61.000       0.4652
  62.000       0.4037
  63.000       0.3520
  64.000       0.3332
  65.000       0.3900
  66.000       0.4768
  67.000       0.6576
  68.000       0.5193
  69.000       0.5836
  70.000       0.5360
  71.000       0.5923
  72.000       0.5355
  73.000       0.4714
  74.000       0.4672
  75.000       0.4015
  76.000       0.3649
  77.000       0.3620
  78.000       0.4049
  79.000       0.3996
  80.000       0.3619
  81.000       0.3442
  82.000       0.3503
  83.000       0.3564
  84.000       0.3599
  85.000       0.3743
  86.000       0.3679
  87.000       0.3831
  88.000       0.4560
  89.000       0.4223
  90.000       0.3818
  91.000       0.4100
  92.000       0.5096
  93.000       0.5289
  94.000       0.5175
  95.000       0.6162
  96.000       0.6424
  97.000       0.6176
  98.000       0.4863
  99.000       0.4254
 100.000       0.3603
 101.000       0.3660
 102.000       0.3207
 103.000       0.3024
 104.000       0.3149
 105.000       0.3177
 106.000       0.3100
 107.000       0.3224
 108.000       0.3386
 109.000       0.3401
 110.000       0.3262
 111.000       0.3325
 112.000       0.3443
 113.000       0.3391
 114.000       0.3406
 115.000       0.3428
 116.000       0.3374
 117.000       0.3458
 118.000       0.3699
 119.000       0.4245
 120.000       0.4511
 121.000       0.4025
 122.000       0.4177
 123.000       0.5021
 124.000       0.4332
 125.000       0.4277
 126.000       0.3889
 127.000       0.3544
 128.000       0.3416
 129.000       0.3349
 130.000       0.3277
 131.000       0.3171
 132.000       0.3314
 133.000       0.3272
 134.000       0.3484
 135.000       0.3654
 136.000       0.3979
 137.000       0.4050
 138.000       0.3855
 139.000       0.4633
 140.000       0.5686
 141.000       0.7133
 142.000       0.9919
 143.000       1.6916
 144.000       1.7505
 145.000       1.8706
 146.000       1.6611
 147.000       1.4512
 148.000       1.5160
 149.000       1.1574
 150.000       0.7334
 151.000       0.5204
 152.000       0.4551
 153.000       0.4301
 154.000       0.4042
 155.000       0.3696
 156.000       0.3213
 157.000       0.3771
 158.000       0.4284
 159.000       0.4843
 160.000       0.4802
 161.000       0.3703
 162.000       0.3458
 163.000       0.3227
 164.000       0.3438
 165.000       0.3550
 166.000       0.3523
 167.000       0.3725
 168.000       0.4173
 169.000       0.4155
 170.000       0.4347
 171.000       0.5209
 172.000       0.4842
 173.000       0.4645
 174.000       0.5459
 175.000       0.5543
 176.000       0.4513
 177.000       0.3974
 178.000       0.3696
 179.000       0.3683
 180.000       0.3203
 181.000       0.3079
 182.000       0.3095
 183.000       0.3167
 184.000       0.3656
 185.000       0.4051
 186.000       0.4642
 187.000       0.4851
 188.000       0.5669
 189.000       0.4511
 190.000       0.3758
 191.000       0.3853
 192.000       0.4424
 193.000       0.4042
 194.000       0.5136
 195.000       0.5333
 196.000       0.5023
 197.000       0.4755
 198.000       0.4900
 199.000       0.4865
 200.000       0.3767
 201.000       0.3270
 202.000       0.3202
 203.000       0.3588
 204.000       0.3623
 205.000       0.4227
 206.000       0.5039
 207.000       0.4884
 208.000       0.3718
 209.000       0.3548
 210.000       0.3563
 211.000       0.3800
 212.000       0.3898
 213.000       0.4249
 214.000       0.4828
 215.000       0.5050
 216.000       0.5179
 217.000       0.6042
 218.000       0.7610
 219.000       0.8539
 220.000       0.6334
 221.000       0.5434
 222.000       0.4666
 223.000       0.4831
 224.000       0.5061
 225.000       0.4650
 226.000       0.4308
 227.000       0.4178
 228.000       0.4025
 229.000       0.4098
 230.000       0.4219
 231.000       0.4621
 232.000       0.4567
 233.000       0.4050
 234.000       0.4025
 235.000       0.4054
 236.000       0.3808
 237.000       0.4099
 238.000       0.4057
 239.000       0.3874
 240.000       0.4067
 241.000       0.4745
 242.000       0.5351
 243.000       0.5165
 244.000       0.6446
 245.000       0.7706
 246.000       0.5855
 247.000       0.5170
 248.000       0.4519
 249.000       0.5706
 250.000       0.6703
 251.000       0.7128
 252.000       0.6156
 253.000       0.6419
 254.000       0.7622
 255.000       0.9254
 256.000       1.0356
 257.000       0.8225
 258.000       0.6687
 259.000       0.8313
 260.000       0.7489
 261.000       0.6079
 262.000       0.4881
 263.000       0.4715
 264.000       0.5713
 265.000       0.6593
 266.000       0.6095
 267.000       0.6795
 268.000       0.7611
 269.000       0.7534
 270.000       0.5967
 271.000       0.5526
 272.000       0.6046
 273.000       0.5715
 274.000       0.5128
 275.000       0.6014
 276.000       0.6358
 277.000       0.5480
 278.000       0.5960
 279.000       0.7281
 280.000       0.7379
 281.000       0.8020
 282.000       0.9828
 283.000       0.9812
 284.000       1.3773
 285.000       1.4729
 286.000       1.1568
 287.000       1.3381
 288.000       1.2459
 289.000       1.2089
 290.000       1.1083
 291.000       0.6378
 292.000       0.5901
 293.000       0.4682
 294.000       0.3816
 295.000       0.4058
 296.000       0.4347
 297.000       0.4158
 298.000       0.4506
 299.000       0.5554
 300.000       0.5048
 301.000       0.4552
 302.000       0.5333
 303.000       0.6059
 304.000       0.5030
 305.000       0.5119
 306.000       0.6640
 307.000       0.7580
 308.000       0.6200
 309.000       0.5756
 310.000       0.4902
 311.000       0.5319
 312.000       0.6991
 313.000       0.7823
 314.000       0.8565
 315.000       0.8101
 316.000       1.2328
