#Res        AtomicFlx
   1.000       0.6135
   2.000       0.5494
   3.000       0.7951
   4.000       0.9141
   5.000       0.7521
   6.000       0.5504
   7.000       0.5367
   8.000       0.6374
   9.000       0.6324
  10.000       0.7325
  11.000       0.8134
  12.000       0.8578
  13.000       0.7831
  14.000       0.7769
  15.000       0.6783
  16.000       0.5591
  17.000       0.6371
  18.000       0.7261
  19.000       0.7901
  20.000       0.5207
  21.000       0.4789
  22.000       0.4996
  23.000       0.5593
  24.000       0.8061
  25.000       0.8001
  26.000       0.7775
  27.000       0.8367
  28.000       0.9483
  29.000       0.8284
  30.000       0.6858
  31.000       0.7133
  32.000       0.4909
  33.000       0.3826
  34.000       0.3256
  35.000       0.3161
  36.000       0.3383
  37.000       0.3312
  38.000       0.3646
  39.000       0.4687
  40.000       0.5481
  41.000       0.5516
  42.000       0.4768
  43.000       0.4789
  44.000       0.5106
  45.000       0.4927
  46.000       0.4710
  47.000       0.4178
  48.000       0.3646
  49.000       0.4106
  50.000       0.4594
  51.000       0.3933
  52.000       0.3661
  53.000       0.3593
  54.000       0.4101
  55.000       0.4127
  56.000       0.4139
  57.000       0.4955
  58.000       0.5817
  59.000       0.5717
  60.000       0.5882
  61.000       0.4592
  62.000       0.4075
  63.000       0.3642
  64.000       0.3359
  65.000       0.3908
  66.000       0.4897
  67.000       0.6290
  68.000       0.5980
  69.000       0.6916
  70.000       0.5727
  71.000       0.5146
  72.000       0.5079
  73.000       0.4996
  74.000       0.5015
  75.000       0.4138
  76.000       0.3583
  77.000       0.3741
  78.000       0.4100
  79.000       0.3973
  80.000       0.3665
  81.000       0.3817
  82.000       0.3932
  83.000       0.3844
  84.000       0.3731
  85.000       0.3925
  86.000       0.3913
  87.000       0.3958
  88.000       0.4637
  89.000       0.4504
  90.000       0.4049
  91.000       0.4334
  92.000       0.5444
  93.000       0.5674
  94.000       0.5212
  95.000       0.6046
  96.000       0.6375
  97.000       0.6100
  98.000       0.4858
  99.000       0.4377
 100.000       0.3502
 101.000       0.3467
 102.000       0.3105
 103.000       0.3005
 104.000       0.3285
 105.000       0.3916
 106.000       0.3722
 107.000       0.3571
 108.000       0.3569
 109.000       0.3448
 110.000       0.3403
 111.000       0.3462
 112.000       0.3437
 113.000       0.3399
 114.000       0.3518
 115.000       0.3513
 116.000       0.3502
 117.000       0.3533
 118.000       0.3850
 119.000       0.4438
 120.000       0.4810
 121.000       0.4160
 122.000       0.4304
 123.000       0.5125
 124.000       0.4323
 125.000       0.4070
 126.000       0.3804
 127.000       0.3590
 128.000       0.3486
 129.000       0.3176
 130.000       0.3129
 131.000       0.3189
 132.000       0.3668
 133.000       0.3590
 134.000       0.3800
 135.000       0.3811
 136.000       0.4039
 137.000       0.4189
 138.000       0.4664
 139.000       0.6729
 140.000       0.8271
 141.000       1.3777
 142.000       1.9580
 143.000       1.5202
 144.000       1.6524
 145.000       1.6032
 146.000       1.3647
 147.000       1.2794
 148.000       1.5644
 149.000       1.4519
 150.000       0.8607
 151.000       0.5496
 152.000       0.4242
 153.000       0.4218
 154.000       0.4134
 155.000       0.3716
 156.000       0.3509
 157.000       0.3636
 158.000       0.4477
 159.000       0.5478
 160.000       0.5852
 161.000       0.4236
 162.000       0.3666
 163.000       0.3339
 164.000       0.3700
 165.000       0.3894
 166.000       0.3791
 167.000       0.3904
 168.000       0.4427
 169.000       0.4523
 170.000       0.4522
 171.000       0.5201
 172.000       0.4748
 173.000       0.4472
 174.000       0.4885
 175.000       0.4343
 176.000       0.4132
 177.000       0.3847
 178.000       0.3605
 179.000       0.3292
 180.000       0.2989
 181.000       0.3008
 182.000       0.3196
 183.000       0.3357
 184.000       0.4098
 185.000       0.5097
 186.000       0.6549
 187.000       0.6846
 188.000       0.7883
 189.000       0.8464
 190.000       0.7578
 191.000       0.7349
 192.000       0.7326
 193.000       0.4961
 194.000       0.6397
 195.000       0.6214
 196.000       0.5777
 197.000       0.5127
 198.000       0.5209
 199.000       0.5274
 200.000       0.4023
 201.000       0.3561
 202.000       0.3312
 203.000       0.3647
 204.000       0.3505
 205.000       0.3920
 206.000       0.4814
 207.000       0.4522
 208.000       0.3619
 209.000       0.3573
 210.000       0.3702
 211.000       0.4014
 212.000       0.4184
 213.000       0.4860
 214.000       0.5404
 215.000       0.5462
 216.000       0.5727
 217.000       0.8045
 218.000       1.3282
 219.000       1.4997
 220.000       0.7877
 221.000       0.6237
 222.000       0.5239
 223.000       0.5388
 224.000       0.5947
 225.000       0.6006
 226.000       0.5041
 227.000       0.4217
 228.000       0.3803
 229.000       0.3815
 230.000       0.3826
 231.000       0.4049
 232.000       0.4157
 233.000       0.3874
 234.000       0.3730
 235.000       0.3767
 236.000       0.3722
 237.000       0.3940
 238.000       0.3909
 239.000       0.3795
 240.000       0.3980
 241.000       0.4655
 242.000       0.5276
 243.000       0.4931
 244.000       0.5794
 245.000       0.4688
 246.000       0.4028
 247.000       0.3940
 248.000       0.4171
 249.000       0.5518
 250.000       0.6638
 251.000       0.7316
 252.000       0.6873
 253.000       0.7181
 254.000       0.7984
 255.000       0.9412
 256.000       1.0369
 257.000       0.7611
 258.000       0.6017
 259.000       0.6018
 260.000       0.5640
 261.000       0.5318
 262.000       0.4720
 263.000       0.4330
 264.000       0.5449
 265.000       0.6446
 266.000       0.5750
 267.000       0.6576
 268.000       0.7615
 269.000       0.7475
 270.000       0.5773
 271.000       0.5657
 272.000       0.6416
 273.000       0.5899
 274.000       0.5650
 275.000       0.8064
 276.000       0.8556
 277.000       0.7867
 278.000       0.9097
 279.000       0.9434
 280.000       1.1012
 281.000       1.2367
 282.000       1.2296
 283.000       1.2748
 284.000       1.3394
 285.000       1.2793
 286.000       1.4270
 287.000       1.6818
 288.000       1.4304
 289.000       1.1034
 290.000       0.8835
 291.000       0.7192
 292.000       0.6809
 293.000       0.5164
 294.000       0.4064
 295.000       0.4216
 296.000       0.4559
 297.000       0.4262
 298.000       0.4641
 299.000       0.5665
 300.000       0.5183
 301.000       0.4820
 302.000       0.5947
 303.000       0.7036
 304.000       0.5763
 305.000       0.7333
 306.000       1.1605
 307.000       1.3111
 308.000       0.7561
 309.000       0.6091
 310.000       0.5066
 311.000       0.5473
 312.000       0.7526
 313.000       1.2247
 314.000       1.5589
 315.000       2.3992
 316.000       3.4155
 317.000       1.0539
