#Res        AtomicFlx
   1.000       0.6200
   2.000       0.5468
   3.000       0.7464
   4.000       0.9330
   5.000       0.7383
   6.000       0.5421
   7.000       0.5556
   8.000       0.6633
   9.000       0.6531
  10.000       0.7259
  11.000       0.7983
  12.000       0.8923
  13.000       0.9339
  14.000       0.9628
  15.000       0.8489
  16.000       0.7429
  17.000       0.7862
  18.000       0.8753
  19.000       1.1613
  20.000       0.6184
  21.000       0.5145
  22.000       0.4881
  23.000       0.5379
  24.000       0.7346
  25.000       0.6992
  26.000       0.6775
  27.000       0.6515
  28.000       0.7207
  29.000       0.6644
  30.000       0.6320
  31.000       0.6969
  32.000       0.4861
  33.000       0.3673
  34.000       0.3212
  35.000       0.3121
  36.000       0.3225
  37.000       0.3305
  38.000       0.3721
  39.000       0.4455
  40.000       0.5116
  41.000       0.5754
  42.000       0.4881
  43.000       0.5494
  44.000       0.5930
  45.000       0.6110
  46.000       0.5759
  47.000       0.5118
  48.000       0.4330
  49.000       0.4915
  50.000       0.5541
  51.000       0.4615
  52.000       0.4002
  53.000       0.3816
  54.000       0.4337
  55.000       0.4295
  56.000       0.4115
  57.000       0.4819
  58.000       0.5879
  59.000       0.5756
  60.000       0.5907
  61.000       0.4678
  62.000       0.4201
  63.000       0.3753
  64.000       0.3531
  65.000       0.4682
  66.000       0.6162
  67.000       0.7400
  68.000       0.7262
  69.000       0.7853
  70.000       0.6012
  71.000       0.6368
  72.000       0.5944
  73.000       0.5104
  74.000       0.5024
  75.000       0.4208
  76.000       0.3788
  77.000       0.3717
  78.000       0.4112
  79.000       0.4114
  80.000       0.3662
  81.000       0.3624
  82.000       0.3916
  83.000       0.3691
  84.000       0.3709
  85.000       0.4039
  86.000       0.3874
  87.000       0.3886
  88.000       0.4658
  89.000       0.4368
  90.000       0.3931
  91.000       0.4221
  92.000       0.5134
  93.000       0.5238
  94.000       0.5064
  95.000       0.5782
  96.000       0.5774
  97.000       0.5434
  98.000       0.4198
  99.000       0.3524
 100.000       0.3245
 101.000       0.3383
 102.000       0.3094
 103.000       0.3006
 104.000       0.3197
 105.000       0.3436
 106.000       0.3331
 107.000       0.3360
 108.000       0.3503
 109.000       0.3476
 110.000       0.3284
 111.000       0.3312
 112.000       0.3435
 113.000       0.3402
 114.000       0.3414
 115.000       0.3452
 116.000       0.3429
 117.000       0.3517
 118.000       0.3814
 119.000       0.4338
 120.000       0.4735
 121.000       0.4144
 122.000       0.4180
 123.000       0.4747
 124.000       0.3988
 125.000       0.3888
 126.000       0.3755
 127.000       0.3597
 128.000       0.3494
 129.000       0.3214
 130.000       0.3197
 131.000       0.3204
 132.000       0.3677
 133.000       0.3785
 134.000       0.4608
 135.000       0.4601
 136.000       0.5482
 137.000       0.5842
 138.000       0.7754
 139.000       1.4634
 140.000       1.8963
 141.000       2.0749
 142.000       1.5408
 143.000       2.1898
 144.000       1.8949
 145.000       2.4333
 146.000       2.4914
 147.000       1.8987
 148.000       1.1044
 149.000       0.8579
 150.000       0.6021
 151.000       0.5064
 152.000       0.4506
 153.000       0.4302
 154.000       0.4253
 155.000       0.3963
 156.000       0.3717
 157.000       0.4723
 158.000       0.5337
 159.000       0.6860
 160.000       0.6300
 161.000       0.4586
 162.000       0.4051
 163.000       0.3632
 164.000       0.4041
 165.000       0.4211
 166.000       0.4006
 167.000       0.4061
 168.000       0.4633
 169.000       0.4711
 170.000       0.4734
 171.000       0.5448
 172.000       0.4838
 173.000       0.4556
 174.000       0.5390
 175.000       0.4903
 176.000       0.4312
 177.000       0.3937
 178.000       0.3631
 179.000       0.3363
 180.000       0.3083
 181.000       0.3090
 182.000       0.3258
 183.000       0.3376
 184.000       0.3840
 185.000       0.4644
 186.000       0.4930
 187.000       0.5900
 188.000       0.7606
 189.000       0.9626
 190.000       0.6256
 191.000       0.6513
 192.000       0.6569
 193.000       0.5168
 194.000       0.7036
 195.000       0.7239
 196.000       0.7359
 197.000       0.6285
 198.000       0.6624
 199.000       0.6132
 200.000       0.4567
 201.000       0.4262
 202.000       0.3876
 203.000       0.4126
 204.000       0.3965
 205.000       0.4516
 206.000       0.5054
 207.000       0.4692
 208.000       0.3629
 209.000       0.3561
 210.000       0.3692
 211.000       0.4063
 212.000       0.4016
 213.000       0.4347
 214.000       0.4969
 215.000       0.5127
 216.000       0.5250
 217.000       0.6964
 218.000       1.2342
 219.000       1.2164
 220.000       0.7030
 221.000       0.5507
 222.000       0.4574
 223.000       0.4814
 224.000       0.5881
 225.000       0.5731
 226.000       0.4961
 227.000       0.4652
 228.000       0.4222
 229.000       0.4442
 230.000       0.4339
 231.000       0.4421
 232.000       0.4355
 233.000       0.4168
 234.000       0.4029
 235.000       0.3971
 236.000       0.3847
 237.000       0.4080
 238.000       0.4030
 239.000       0.3899
 240.000       0.4109
 241.000       0.4714
 242.000       0.5451
 243.000       0.5236
 244.000       0.6191
 245.000       0.4932
 246.000       0.4200
 247.000       0.4131
 248.000       0.4220
 249.000       0.5506
 250.000       0.6803
 251.000       0.7094
 252.000       0.6369
 253.000       0.6999
 254.000       0.8173
 255.000       0.9688
 256.000       1.0510
 257.000       0.7674
 258.000       0.5967
 259.000       0.5864
 260.000       0.5584
 261.000       0.5561
 262.000       0.5215
 263.000       0.4780
 264.000       0.5729
 265.000       0.6626
 266.000       0.6147
 267.000       0.7012
 268.000       0.8200
 269.000       0.7950
 270.000       0.6210
 271.000       0.6332
 272.000       0.7400
 273.000       0.6942
 274.000       0.7168
 275.000       1.0232
 276.000       1.1223
 277.000       0.9624
 278.000       0.9382
 279.000       0.9528
 280.000       0.9058
 281.000       0.8914
 282.000       0.9221
 283.000       0.8491
 284.000       0.9184
 285.000       0.9431
 286.000       0.8757
 287.000       0.8583
 288.000       0.9066
 289.000       0.8818
 290.000       0.7936
 291.000       0.6135
 292.000       0.6725
 293.000       0.5220
 294.000       0.4069
 295.000       0.4159
 296.000       0.4435
 297.000       0.4213
 298.000       0.4665
 299.000       0.5755
 300.000       0.5231
 301.000       0.4762
 302.000       0.5471
 303.000       0.6228
 304.000       0.5411
 305.000       0.5725
 306.000       0.7171
 307.000       0.8174
 308.000       0.6858
 309.000       0.6201
 310.000       0.5061
 311.000       0.5626
 312.000       0.7394
 313.000       0.7783
 314.000       0.8488
 315.000       0.8243
 316.000       1.2703
 317.000       1.6217
