#Res        AtomicFlx
   1.000       0.6604
   2.000       0.5992
   3.000       0.9020
   4.000       1.0959
   5.000       0.8190
   6.000       0.5950
   7.000       0.5627
   8.000       0.6524
   9.000       0.6128
  10.000       0.6674
  11.000       0.7643
  12.000       0.7807
  13.000       0.7563
  14.000       0.8001
  15.000       0.6821
  16.000       0.5809
  17.000       0.7148
  18.000       0.8168
  19.000       0.7159
  20.000       0.5723
  21.000       0.4583
  22.000       0.4503
  23.000       0.5229
  24.000       0.7775
  25.000       0.7789
  26.000       0.8148
  27.000       0.8012
  28.000       0.8821
  29.000       0.7969
  30.000       0.6716
  31.000       0.9232
  32.000       0.5102
  33.000       0.3719
  34.000       0.3185
  35.000       0.3039
  36.000       0.3175
  37.000       0.3057
  38.000       0.3177
  39.000       0.3609
  40.000       0.4154
  41.000       0.5107
  42.000       0.4307
  43.000       0.4452
  44.000       0.5169
  45.000       0.5024
  46.000       0.4552
  47.000       0.3755
  48.000       0.3405
  49.000       0.3847
  50.000       0.4216
  51.000       0.3688
  52.000       0.3518
  53.000       0.3446
  54.000       0.3897
  55.000       0.3937
  56.000       0.3932
  57.000       0.4652
  58.000       0.5622
  59.000       0.5506
  60.000       0.5635
  61.000       0.4498
  62.000       0.4057
  63.000       0.3440
  64.000       0.3040
  65.000       0.3838
  66.000       0.4105
  67.000       0.4441
  68.000       0.4754
  69.000       0.5285
  70.000       0.4900
  71.000       0.4891
  72.000       0.4484
  73.000       0.3957
  74.000       0.3825
  75.000       0.3504
  76.000       0.3235
  77.000       0.3343
  78.000       0.3642
  79.000       0.3472
  80.000       0.3255
  81.000       0.3338
  82.000       0.3449
  83.000       0.3416
  84.000       0.3730
  85.000       0.3924
  86.000       0.3672
  87.000       0.3847
  88.000       0.4839
  89.000       0.4438
  90.000       0.3958
  91.000       0.4268
  92.000       0.5239
  93.000       0.5437
  94.000       0.5275
  95.000       0.5962
  96.000       0.5771
  97.000       0.5397
  98.000       0.4201
  99.000       0.3611
 100.000       0.3326
 101.000       0.3416
 102.000       0.3055
 103.000       0.2864
 104.000       0.2909
 105.000       0.2903
 106.000       0.3033
 107.000       0.3300
 108.000       0.3431
 109.000       0.3276
 110.000       0.3124
 111.000       0.3217
 112.000       0.3317
 113.000       0.3360
 114.000       0.3450
 115.000       0.3436
 116.000       0.3413
 117.000       0.3639
 118.000       0.4010
 119.000       0.4664
 120.000       0.5186
 121.000       0.4442
 122.000       0.4681
 123.000       0.5010
 124.000       0.4057
 125.000       0.3936
 126.000       0.3788
 127.000       0.3574
 128.000       0.3410
 129.000       0.3122
 130.000       0.3108
 131.000       0.3007
 132.000       0.3146
 133.000       0.3264
 134.000       0.3402
 135.000       0.3501
 136.000       0.3844
 137.000       0.3900
 138.000       0.3691
 139.000       0.4581
 140.000       0.5369
 141.000       0.5324
 142.000       0.6806
 143.000       0.8358
 144.000       0.7827
 145.000       1.3137
 146.000       1.7470
 147.000       1.6676
 148.000       1.8691
 149.000       0.7536
 150.000       0.5204
 151.000       0.4732
 152.000       0.4094
 153.000       0.3488
 154.000       0.3337
 155.000       0.3208
 156.000       0.3106
 157.000       0.3355
 158.000       0.3842
 159.000       0.4863
 160.000       0.5168
 161.000       0.4061
 162.000       0.3663
 163.000       0.3276
 164.000       0.3587
 165.000       0.3774
 166.000       0.3681
 167.000       0.3807
 168.000       0.4293
 169.000       0.4270
 170.000       0.4416
 171.000       0.5185
 172.000       0.4623
 173.000       0.4308
 174.000       0.4852
 175.000       0.4495
 176.000       0.4203
 177.000       0.3899
 178.000       0.3615
 179.000       0.3286
 180.000       0.2959
 181.000       0.2932
 182.000       0.2988
 183.000       0.3037
 184.000       0.3521
 185.000       0.4125
 186.000       0.5739
 187.000       0.7339
 188.000       1.1289
 189.000       0.6594
 190.000       0.4126
 191.000       0.4125
 192.000       0.4611
 193.000       0.4355
 194.000       0.5444
 195.000       0.5738
 196.000       0.5376
 197.000       0.5048
 198.000       0.5206
 199.000       0.5084
 200.000       0.3818
 201.000       0.3191
 202.000       0.3183
 203.000       0.3648
 204.000       0.3665
 205.000       0.4136
 206.000       0.4889
 207.000       0.4579
 208.000       0.3549
 209.000       0.3490
 210.000       0.3503
 211.000       0.3768
 212.000       0.3805
 213.000       0.4163
 214.000       0.4698
 215.000       0.4859
 216.000       0.4919
 217.000       0.6254
 218.000       0.9093
 219.000       0.9384
 220.000       0.6240
 221.000       0.4997
 222.000       0.4129
 223.000       0.4152
 224.000       0.4006
 225.000       0.4077
 226.000       0.3895
 227.000       0.3644
 228.000       0.3397
 229.000       0.3428
 230.000       0.3531
 231.000       0.3971
 232.000       0.3956
 233.000       0.3692
 234.000       0.3710
 235.000       0.3786
 236.000       0.3599
 237.000       0.3826
 238.000       0.3830
 239.000       0.3772
 240.000       0.4011
 241.000       0.4738
 242.000       0.5591
 243.000       0.5397
 244.000       0.5892
 245.000       0.4750
 246.000       0.3952
 247.000       0.3936
 248.000       0.4082
 249.000       0.5441
 250.000       0.6475
 251.000       0.6975
 252.000       0.6398
 253.000       0.6752
 254.000       0.7464
 255.000       0.8926
 256.000       0.9665
 257.000       0.7031
 258.000       0.5618
 259.000       0.5831
 260.000       0.5293
 261.000       0.4838
 262.000       0.4400
 263.000       0.4115
 264.000       0.5288
 265.000       0.6033
 266.000       0.5416
 267.000       0.6067
 268.000       0.7007
 269.000       0.6761
 270.000       0.5212
 271.000       0.5074
 272.000       0.5585
 273.000       0.5052
 274.000       0.4676
 275.000       0.5976
 276.000       0.6073
 277.000       0.5165
 278.000       0.5123
 279.000       0.5769
 280.000       0.6166
 281.000       0.5917
 282.000       0.6567
 283.000       0.7296
 284.000       0.9207
 285.000       1.2647
 286.000       1.2136
 287.000       1.2154
 288.000       1.1152
 289.000       0.7670
 290.000       0.5957
 291.000       0.5123
 292.000       0.5458
 293.000       0.4694
 294.000       0.3897
 295.000       0.4161
 296.000       0.4570
 297.000       0.4346
 298.000       0.4603
 299.000       0.5547
 300.000       0.5150
 301.000       0.4806
 302.000       0.6200
 303.000       0.7163
 304.000       0.5752
 305.000       0.6791
 306.000       1.2128
 307.000       1.2355
 308.000       0.8206
 309.000       0.6487
 310.000       0.5304
 311.000       0.5758
 312.000       0.7467
 313.000       1.3464
 314.000       1.8770
 315.000       3.1946
 316.000       3.8983
 317.000       1.0224
