#Res        AtomicFlx
   1.000       0.7115
   2.000       0.6332
   3.000       0.9303
   4.000       1.0875
   5.000       0.7794
   6.000       0.5482
   7.000       0.5428
   8.000       0.6304
   9.000       0.5768
  10.000       0.6249
  11.000       0.7373
  12.000       0.7379
  13.000       0.7494
  14.000       0.7933
  15.000       0.6848
  16.000       0.6019
  17.000       0.7722
  18.000       0.8856
  19.000       0.7553
  20.000       0.5909
  21.000       0.4586
  22.000       0.4481
  23.000       0.4763
  24.000       0.6963
  25.000       0.7212
  26.000       0.7909
  27.000       0.8059
  28.000       0.9210
  29.000       0.8148
  30.000       0.7376
  31.000       0.6979
  32.000       0.5194
  33.000       0.3942
  34.000       0.3227
  35.000       0.3085
  36.000       0.3215
  37.000       0.3151
  38.000       0.3378
  39.000       0.3917
  40.000       0.4088
  41.000       0.4817
  42.000       0.4248
  43.000       0.4281
  44.000       0.4832
  45.000       0.4878
  46.000       0.4598
  47.000       0.3899
  48.000       0.3436
  49.000       0.3875
  50.000       0.4277
  51.000       0.3744
  52.000       0.3561
  53.000       0.3477
  54.000       0.3955
  55.000       0.3975
  56.000       0.3977
  57.000       0.4672
  58.000       0.5764
  59.000       0.5739
  60.000       0.5872
  61.000       0.4671
  62.000       0.4165
  63.000       0.3407
  64.000       0.3052
  65.000       0.3742
  66.000       0.4029
  67.000       0.4410
  68.000       0.4535
  69.000       0.5061
  70.000       0.4855
  71.000       0.4988
  72.000       0.4570
  73.000       0.4030
  74.000       0.3909
  75.000       0.3568
  76.000       0.3371
  77.000       0.3413
  78.000       0.3595
  79.000       0.3526
  80.000       0.3355
  81.000       0.3293
  82.000       0.3387
  83.000       0.3392
  84.000       0.3599
  85.000       0.3844
  86.000       0.3629
  87.000       0.3794
  88.000       0.4637
  89.000       0.4418
  90.000       0.4177
  91.000       0.4690
  92.000       0.6169
  93.000       0.7035
  94.000       0.7005
  95.000       0.7846
  96.000       0.7120
  97.000       0.6141
  98.000       0.4726
  99.000       0.4208
 100.000       0.3661
 101.000       0.3642
 102.000       0.3194
 103.000       0.3078
 104.000       0.3213
 105.000       0.3451
 106.000       0.3081
 107.000       0.3331
 108.000       0.3466
 109.000       0.3384
 110.000       0.3168
 111.000       0.3240
 112.000       0.3426
 113.000       0.3413
 114.000       0.3514
 115.000       0.3624
 116.000       0.3551
 117.000       0.3611
 118.000       0.3873
 119.000       0.4592
 120.000       0.5006
 121.000       0.4311
 122.000       0.4402
 123.000       0.5012
 124.000       0.4238
 125.000       0.4045
 126.000       0.3824
 127.000       0.3538
 128.000       0.3451
 129.000       0.3219
 130.000       0.3210
 131.000       0.3206
 132.000       0.3434
 133.000       0.3358
 134.000       0.3641
 135.000       0.3842
 136.000       0.4251
 137.000       0.4236
 138.000       0.4273
 139.000       0.5762
 140.000       0.6353
 141.000       0.5737
 142.000       0.7402
 143.000       0.8879
 144.000       0.7613
 145.000       0.8741
 146.000       1.0899
 147.000       1.0518
 148.000       1.0329
 149.000       0.7721
 150.000       0.5620
 151.000       0.4994
 152.000       0.4422
 153.000       0.3716
 154.000       0.3651
 155.000       0.3486
 156.000       0.3245
 157.000       0.3562
 158.000       0.4036
 159.000       0.4922
 160.000       0.4848
 161.000       0.3883
 162.000       0.3561
 163.000       0.3269
 164.000       0.3644
 165.000       0.3765
 166.000       0.3665
 167.000       0.3804
 168.000       0.4298
 169.000       0.4353
 170.000       0.4483
 171.000       0.5239
 172.000       0.4730
 173.000       0.4636
 174.000       0.4681
 175.000       0.5350
 176.000       0.5050
 177.000       0.4164
 178.000       0.3890
 179.000       0.3627
 180.000       0.3176
 181.000       0.3063
 182.000       0.3158
 183.000       0.3145
 184.000       0.3489
 185.000       0.4222
 186.000       0.4369
 187.000       0.4421
 188.000       0.5829
 189.000       0.5703
 190.000       0.4690
 191.000       0.5546
 192.000       0.5501
 193.000       0.4241
 194.000       0.5226
 195.000       0.5450
 196.000       0.5166
 197.000       0.4826
 198.000       0.4925
 199.000       0.4911
 200.000       0.3833
 201.000       0.3513
 202.000       0.3218
 203.000       0.3553
 204.000       0.3563
 205.000       0.4091
 206.000       0.5031
 207.000       0.4900
 208.000       0.3725
 209.000       0.3561
 210.000       0.3604
 211.000       0.3736
 212.000       0.3797
 213.000       0.4314
 214.000       0.4804
 215.000       0.4886
 216.000       0.5012
 217.000       0.6019
 218.000       0.7502
 219.000       0.8400
 220.000       0.6180
 221.000       0.5218
 222.000       0.4195
 223.000       0.4113
 224.000       0.4429
 225.000       0.4701
 226.000       0.4156
 227.000       0.3618
 228.000       0.3486
 229.000       0.3446
 230.000       0.3517
 231.000       0.3743
 232.000       0.3833
 233.000       0.3600
 234.000       0.3556
 235.000       0.3619
 236.000       0.3624
 237.000       0.3940
 238.000       0.3961
 239.000       0.3841
 240.000       0.4122
 241.000       0.4571
 242.000       0.5166
 243.000       0.5106
 244.000       0.6592
 245.000       0.9712
 246.000       0.8855
 247.000       0.5750
 248.000       0.4439
 249.000       0.5708
 250.000       0.6500
 251.000       0.7101
 252.000       0.6518
 253.000       0.6690
 254.000       0.7537
 255.000       0.9207
 256.000       1.0009
 257.000       0.7179
 258.000       0.5622
 259.000       0.5507
 260.000       0.5086
 261.000       0.4867
 262.000       0.4461
 263.000       0.4136
 264.000       0.5292
 265.000       0.6180
 266.000       0.5462
 267.000       0.6152
 268.000       0.7133
 269.000       0.6816
 270.000       0.5276
 271.000       0.5185
 272.000       0.5852
 273.000       0.5375
 274.000       0.4997
 275.000       0.6503
 276.000       0.6789
 277.000       0.5952
 278.000       0.5941
 279.000       0.6422
 280.000       0.6857
 281.000       0.8336
 282.000       1.1603
 283.000       1.1595
 284.000       1.4251
 285.000       1.0628
 286.000       1.3112
 287.000       1.6979
 288.000       1.2873
 289.000       0.9339
 290.000       0.8497
 291.000       0.5990
 292.000       0.6121
 293.000       0.5027
 294.000       0.4017
 295.000       0.4170
 296.000       0.4399
 297.000       0.4117
 298.000       0.4452
 299.000       0.5525
 300.000       0.5181
 301.000       0.4727
 302.000       0.5502
 303.000       0.6239
 304.000       0.5206
 305.000       0.5481
 306.000       0.8024
 307.000       0.8324
 308.000       0.6487
 309.000       0.6135
 310.000       0.4982
 311.000       0.5626
 312.000       0.7130
 313.000       0.7550
 314.000       0.8152
 315.000       0.7974
 316.000       1.3220
 317.000       1.0532
