#Res        AtomicFlx
   1.000       0.6994
   2.000       0.7162
   3.000       1.1367
   4.000       1.2648
   5.000       0.8104
   6.000       0.5272
   7.000       0.5144
   8.000       0.6340
   9.000       0.6300
  10.000       0.7131
  11.000       0.8332
  12.000       0.8493
  13.000       0.7689
  14.000       0.7784
  15.000       0.6557
  16.000       0.5404
  17.000       0.6523
  18.000       0.7102
  19.000       0.6015
  20.000       0.4847
  21.000       0.4597
  22.000       0.4668
  23.000       0.5245
  24.000       0.7167
  25.000       0.6735
  26.000       0.6812
  27.000       0.6757
  28.000       0.7302
  29.000       0.6464
  30.000       0.5795
  31.000       0.5878
  32.000       0.4588
  33.000       0.3685
  34.000       0.3216
  35.000       0.3060
  36.000       0.3285
  37.000       0.3474
  38.000       0.4275
  39.000       0.4131
  40.000       0.4218
  41.000       0.5532
  42.000       0.4417
  43.000       0.4722
  44.000       0.5087
  45.000       0.5109
  46.000       0.4675
  47.000       0.4210
  48.000       0.3851
  49.000       0.4259
  50.000       0.4692
  51.000       0.4162
  52.000       0.3943
  53.000       0.3748
  54.000       0.4272
  55.000       0.4380
  56.000       0.4330
  57.000       0.4965
  58.000       0.6174
  59.000       0.6426
  60.000       0.6339
  61.000       0.4714
  62.000       0.4019
  63.000       0.3513
  64.000       0.3253
  65.000       0.3822
  66.000       0.5695
  67.000       0.9394
  68.000       0.6518
  69.000       0.7262
  70.000       0.6221
  71.000       0.7338
  72.000       0.6401
  73.000       0.5143
  74.000       0.4297
  75.000       0.3784
  76.000       0.3554
  77.000       0.3655
  78.000       0.3944
  79.000       0.3839
  80.000       0.3717
  81.000       0.3625
  82.000       0.3567
  83.000       0.3573
  84.000       0.3578
  85.000       0.3735
  86.000       0.3633
  87.000       0.3700
  88.000       0.4262
  89.000       0.4068
  90.000       0.3725
  91.000       0.3994
  92.000       0.4947
  93.000       0.5052
  94.000       0.4930
  95.000       0.5728
  96.000       0.5789
  97.000       0.5519
  98.000       0.4243
  99.000       0.4234
 100.000       0.3562
 101.000       0.3684
 102.000       0.3224
 103.000       0.3051
 104.000       0.3344
 105.000       0.3315
 106.000       0.3279
 107.000       0.3449
 108.000       0.3562
 109.000       0.3485
 110.000       0.3260
 111.000       0.3350
 112.000       0.3515
 113.000       0.3399
 114.000       0.3431
 115.000       0.3533
 116.000       0.3482
 117.000       0.3610
 118.000       0.3829
 119.000       0.4441
 120.000       0.4689
 121.000       0.4066
 122.000       0.4165
 123.000       0.4605
 124.000       0.3993
 125.000       0.4040
 126.000       0.3777
 127.000       0.3468
 128.000       0.3429
 129.000       0.3202
 130.000       0.3151
 131.000       0.3175
 132.000       0.3583
 133.000       0.3664
 134.000       0.3614
 135.000       0.3839
 136.000       0.4392
 137.000       0.4374
 138.000       0.5360
 139.000       0.8612
 140.000       0.9567
 141.000       0.7451
 142.000       0.8683
 143.000       1.0095
 144.000       0.8411
 145.000       0.8999
 146.000       1.0167
 147.000       0.8512
 148.000       0.8446
 149.000       0.8177
 150.000       0.6377
 151.000       0.5283
 152.000       0.4527
 153.000       0.3727
 154.000       0.3692
 155.000       0.3397
 156.000       0.3112
 157.000       0.3538
 158.000       0.4323
 159.000       0.5221
 160.000       0.5134
 161.000       0.3904
 162.000       0.3571
 163.000       0.3203
 164.000       0.3496
 165.000       0.3679
 166.000       0.3596
 167.000       0.3685
 168.000       0.4060
 169.000       0.4120
 170.000       0.4318
 171.000       0.5028
 172.000       0.4748
 173.000       0.4485
 174.000       0.5853
 175.000       0.6108
 176.000       0.4620
 177.000       0.4043
 178.000       0.3732
 179.000       0.3709
 180.000       0.3218
 181.000       0.3121
 182.000       0.3208
 183.000       0.3334
 184.000       0.4035
 185.000       0.4697
 186.000       0.5773
 187.000       0.6237
 188.000       0.5856
 189.000       0.5258
 190.000       0.5488
 191.000       0.6317
 192.000       0.5552
 193.000       0.4562
 194.000       0.5734
 195.000       0.5784
 196.000       0.5271
 197.000       0.5271
 198.000       0.5580
 199.000       0.5353
 200.000       0.4134
 201.000       0.3679
 202.000       0.3511
 203.000       0.3950
 204.000       0.3986
 205.000       0.4502
 206.000       0.4901
 207.000       0.4744
 208.000       0.3702
 209.000       0.3650
 210.000       0.3619
 211.000       0.3756
 212.000       0.3885
 213.000       0.4415
 214.000       0.4909
 215.000       0.5172
 216.000       0.5262
 217.000       0.6424
 218.000       0.7802
 219.000       0.8684
 220.000       0.6494
 221.000       0.6029
 222.000       0.5325
 223.000       0.5830
 224.000       0.5659
 225.000       0.4776
 226.000       0.4172
 227.000       0.3986
 228.000       0.3810
 229.000       0.3672
 230.000       0.3640
 231.000       0.3993
 232.000       0.3981
 233.000       0.3726
 234.000       0.3794
 235.000       0.3654
 236.000       0.3602
 237.000       0.3912
 238.000       0.3866
 239.000       0.3759
 240.000       0.3869
 241.000       0.4435
 242.000       0.5007
 243.000       0.4909
 244.000       0.6088
 245.000       0.6598
 246.000       0.5319
 247.000       0.4916
 248.000       0.4508
 249.000       0.6009
 250.000       0.6958
 251.000       0.7349
 252.000       0.6201
 253.000       0.6584
 254.000       0.7993
 255.000       0.9756
 256.000       1.0520
 257.000       0.7542
 258.000       0.5809
 259.000       0.5966
 260.000       0.5489
 261.000       0.5097
 262.000       0.4475
 263.000       0.4312
 264.000       0.5301
 265.000       0.6107
 266.000       0.5636
 267.000       0.6276
 268.000       0.7110
 269.000       0.6968
 270.000       0.5434
 271.000       0.5164
 272.000       0.5734
 273.000       0.5276
 274.000       0.4726
 275.000       0.5736
 276.000       0.6057
 277.000       0.5140
 278.000       0.5408
 279.000       0.6396
 280.000       0.7680
 281.000       0.7745
 282.000       0.8155
 283.000       0.9782
 284.000       1.3768
 285.000       1.4528
 286.000       1.2179
 287.000       1.3071
 288.000       1.1682
 289.000       1.0220
 290.000       0.8076
 291.000       0.6255
 292.000       0.5817
 293.000       0.4646
 294.000       0.3688
 295.000       0.3934
 296.000       0.4229
 297.000       0.3991
 298.000       0.4333
 299.000       0.5408
 300.000       0.5236
 301.000       0.4671
 302.000       0.5289
 303.000       0.6042
 304.000       0.5044
 305.000       0.5431
 306.000       0.7870
 307.000       0.8166
 308.000       0.6437
 309.000       0.5960
 310.000       0.4705
 311.000       0.5265
 312.000       0.7037
 313.000       0.7525
 314.000       0.8089
 315.000       0.8120
 316.000       1.3507
