#Res        AtomicFlx
   1.000       0.6523
   2.000       0.5427
   3.000       0.6996
   4.000       0.8870
   5.000       0.6724
   6.000       0.4921
   7.000       0.4984
   8.000       0.5806
   9.000       0.5461
  10.000       0.5861
  11.000       0.6417
  12.000       0.6922
  13.000       0.7098
  14.000       0.7418
  15.000       0.6481
  16.000       0.5562
  17.000       0.6637
  18.000       0.7436
  19.000       0.6468
  20.000       0.5079
  21.000       0.4531
  22.000       0.4531
  23.000       0.5171
  24.000       0.6911
  25.000       0.6527
  26.000       0.6769
  27.000       0.6751
  28.000       0.7179
  29.000       0.6579
  30.000       0.5579
  31.000       0.5584
  32.000       0.4293
  33.000       0.3474
  34.000       0.3195
  35.000       0.3059
  36.000       0.3202
  37.000       0.3320
  38.000       0.4134
  39.000       0.4036
  40.000       0.4196
  41.000       0.6004
  42.000       0.4526
  43.000       0.4567
  44.000       0.5344
  45.000       0.5439
  46.000       0.4720
  47.000       0.4124
  48.000       0.3758
  49.000       0.4267
  50.000       0.4770
  51.000       0.4034
  52.000       0.3718
  53.000       0.3572
  54.000       0.3991
  55.000       0.4065
  56.000       0.3963
  57.000       0.4649
  58.000       0.5636
  59.000       0.5482
  60.000       0.5499
  61.000       0.4291
  62.000       0.3902
  63.000       0.3587
  64.000       0.3364
  65.000       0.4002
  66.000       0.6273
  67.000       1.0643
  68.000       0.6562
  69.000       0.6083
  70.000       0.5619
  71.000       0.7046
  72.000       0.6387
  73.000       0.5450
  74.000       0.4395
  75.000       0.3627
  76.000       0.3361
  77.000       0.3381
  78.000       0.3624
  79.000       0.3497
  80.000       0.3265
  81.000       0.3309
  82.000       0.3482
  83.000       0.3364
  84.000       0.3246
  85.000       0.3445
  86.000       0.3363
  87.000       0.3396
  88.000       0.3809
  89.000       0.3714
  90.000       0.3408
  91.000       0.3657
  92.000       0.4663
  93.000       0.4854
  94.000       0.4807
  95.000       0.5661
  96.000       0.5458
  97.000       0.5094
  98.000       0.4256
  99.000       0.3545
 100.000       0.3381
 101.000       0.3585
 102.000       0.3155
 103.000       0.3009
 104.000       0.3256
 105.000       0.3151
 106.000       0.3106
 107.000       0.3331
 108.000       0.3524
 109.000       0.3530
 110.000       0.3273
 111.000       0.3346
 112.000       0.3612
 113.000       0.3496
 114.000       0.3369
 115.000       0.3470
 116.000       0.3486
 117.000       0.3429
 118.000       0.3556
 119.000       0.4003
 120.000       0.4145
 121.000       0.3769
 122.000       0.3998
 123.000       0.4625
 124.000       0.3727
 125.000       0.3827
 126.000       0.3588
 127.000       0.3294
 128.000       0.3367
 129.000       0.3216
 130.000       0.3213
 131.000       0.3142
 132.000       0.3653
 133.000       0.3714
 134.000       0.3581
 135.000       0.3694
 136.000       0.3996
 137.000       0.3932
 138.000       0.3888
 139.000       0.5150
 140.000       0.5657
 141.000       0.5493
 142.000       0.7097
 143.000       0.8045
 144.000       0.6543
 145.000       0.6975
 146.000       0.8516
 147.000       0.7748
 148.000       0.7240
 149.000       0.6504
 150.000       0.5031
 151.000       0.4517
 152.000       0.4182
 153.000       0.3698
 154.000       0.3543
 155.000       0.3287
 156.000       0.3165
 157.000       0.3526
 158.000       0.3979
 159.000       0.4775
 160.000       0.4969
 161.000       0.3937
 162.000       0.3610
 163.000       0.3233
 164.000       0.3566
 165.000       0.3765
 166.000       0.3645
 167.000       0.3800
 168.000       0.4322
 169.000       0.4379
 170.000       0.4415
 171.000       0.5103
 172.000       0.4676
 173.000       0.4517
 174.000       0.5907
 175.000       0.6908
 176.000       0.4916
 177.000       0.3950
 178.000       0.3676
 179.000       0.3751
 180.000       0.3142
 181.000       0.3036
 182.000       0.3237
 183.000       0.3280
 184.000       0.3898
 185.000       0.4702
 186.000       0.4874
 187.000       0.6197
 188.000       0.6010
 189.000       0.5146
 190.000       0.4713
 191.000       0.4477
 192.000       0.4702
 193.000       0.4576
 194.000       0.5601
 195.000       0.5697
 196.000       0.5185
 197.000       0.5025
 198.000       0.5194
 199.000       0.4991
 200.000       0.3808
 201.000       0.3329
 202.000       0.3357
 203.000       0.3829
 204.000       0.3828
 205.000       0.4296
 206.000       0.5107
 207.000       0.5069
 208.000       0.3816
 209.000       0.3632
 210.000       0.3599
 211.000       0.3774
 212.000       0.3895
 213.000       0.4413
 214.000       0.4935
 215.000       0.4969
 216.000       0.5005
 217.000       0.6293
 218.000       0.7678
 219.000       0.8550
 220.000       0.6017
 221.000       0.5114
 222.000       0.4456
 223.000       0.4640
 224.000       0.5571
 225.000       0.5454
 226.000       0.4355
 227.000       0.3845
 228.000       0.3584
 229.000       0.3585
 230.000       0.3541
 231.000       0.3774
 232.000       0.3930
 233.000       0.3655
 234.000       0.3509
 235.000       0.3568
 236.000       0.3575
 237.000       0.3792
 238.000       0.3763
 239.000       0.3681
 240.000       0.3689
 241.000       0.4170
 242.000       0.4828
 243.000       0.4948
 244.000       0.6257
 245.000       0.6568
 246.000       0.4779
 247.000       0.4253
 248.000       0.4124
 249.000       0.6035
 250.000       0.7019
 251.000       0.7269
 252.000       0.6300
 253.000       0.6503
 254.000       0.8177
 255.000       1.0007
 256.000       1.0848
 257.000       0.7622
 258.000       0.5679
 259.000       0.5835
 260.000       0.5427
 261.000       0.5014
 262.000       0.4442
 263.000       0.4161
 264.000       0.5337
 265.000       0.6314
 266.000       0.5865
 267.000       0.6800
 268.000       0.7796
 269.000       0.7667
 270.000       0.6038
 271.000       0.5743
 272.000       0.6486
 273.000       0.6186
 274.000       0.5476
 275.000       0.6624
 276.000       0.7283
 277.000       0.6165
 278.000       0.6805
 279.000       0.8335
 280.000       0.7775
 281.000       0.6817
 282.000       0.8948
 283.000       0.9236
 284.000       1.2029
 285.000       1.6319
 286.000       1.6820
 287.000       1.6498
 288.000       1.3233
 289.000       0.9707
 290.000       0.7994
 291.000       0.5384
 292.000       0.5534
 293.000       0.4479
 294.000       0.3704
 295.000       0.3980
 296.000       0.4296
 297.000       0.3978
 298.000       0.4266
 299.000       0.5412
 300.000       0.5250
 301.000       0.4587
 302.000       0.5557
 303.000       0.6432
 304.000       0.5266
 305.000       0.5451
 306.000       0.8257
 307.000       0.8984
 308.000       0.6415
 309.000       0.5815
 310.000       0.4883
 311.000       0.5255
 312.000       0.6775
 313.000       0.7582
 314.000       0.8893
 315.000       0.8938
 316.000       1.4286
