#Res        AtomicFlx
   1.000       0.6392
   2.000       0.5403
   3.000       0.7405
   4.000       0.9770
   5.000       0.7798
   6.000       0.5512
   7.000       0.5598
   8.000       0.6565
   9.000       0.6052
  10.000       0.6290
  11.000       0.6635
  12.000       0.7401
  13.000       0.7505
  14.000       0.7867
  15.000       0.6852
  16.000       0.5847
  17.000       0.6858
  18.000       0.7715
  19.000       0.6571
  20.000       0.5362
  21.000       0.4693
  22.000       0.4516
  23.000       0.4950
  24.000       0.6693
  25.000       0.6498
  26.000       0.7002
  27.000       0.6909
  28.000       0.7543
  29.000       0.6598
  30.000       0.5730
  31.000       0.5773
  32.000       0.4609
  33.000       0.3675
  34.000       0.3264
  35.000       0.3200
  36.000       0.3400
  37.000       0.3518
  38.000       0.4187
  39.000       0.6410
  40.000       0.6176
  41.000       0.4940
  42.000       0.5153
  43.000       0.8015
  44.000       0.9812
  45.000       0.7424
  46.000       0.7420
  47.000       0.5684
  48.000       0.4193
  49.000       0.4473
  50.000       0.4912
  51.000       0.4377
  52.000       0.4057
  53.000       0.3870
  54.000       0.4390
  55.000       0.4425
  56.000       0.4266
  57.000       0.4911
  58.000       0.5955
  59.000       0.5887
  60.000       0.5935
  61.000       0.4604
  62.000       0.3995
  63.000       0.3551
  64.000       0.3300
  65.000       0.4049
  66.000       0.4836
  67.000       0.7902
  68.000       0.8552
  69.000       0.7310
  70.000       0.5251
  71.000       0.4941
  72.000       0.4761
  73.000       0.4346
  74.000       0.4822
  75.000       0.4080
  76.000       0.3824
  77.000       0.3751
  78.000       0.4108
  79.000       0.4103
  80.000       0.3617
  81.000       0.3534
  82.000       0.3611
  83.000       0.3593
  84.000       0.3758
  85.000       0.4017
  86.000       0.3756
  87.000       0.3791
  88.000       0.4421
  89.000       0.4196
  90.000       0.3819
  91.000       0.4100
  92.000       0.5008
  93.000       0.5068
  94.000       0.4986
  95.000       0.5880
  96.000       0.5913
  97.000       0.5591
  98.000       0.4315
  99.000       0.4134
 100.000       0.3461
 101.000       0.3538
 102.000       0.3155
 103.000       0.3098
 104.000       0.3368
 105.000       0.3327
 106.000       0.3197
 107.000       0.3336
 108.000       0.3485
 109.000       0.3480
 110.000       0.3281
 111.000       0.3395
 112.000       0.3600
 113.000       0.3428
 114.000       0.3444
 115.000       0.3565
 116.000       0.3660
 117.000       0.3721
 118.000       0.3888
 119.000       0.4353
 120.000       0.4676
 121.000       0.4080
 122.000       0.4124
 123.000       0.4683
 124.000       0.4046
 125.000       0.4056
 126.000       0.3878
 127.000       0.3549
 128.000       0.3337
 129.000       0.3207
 130.000       0.3216
 131.000       0.3172
 132.000       0.3433
 133.000       0.3480
 134.000       0.3664
 135.000       0.3773
 136.000       0.4078
 137.000       0.4178
 138.000       0.4464
 139.000       0.5485
 140.000       0.6620
 141.000       1.0498
 142.000       1.9716
 143.000       2.5746
 144.000       2.4314
 145.000       2.9248
 146.000       2.9821
 147.000       2.4352
 148.000       2.0957
 149.000       1.0552
 150.000       0.6443
 151.000       0.5652
 152.000       0.4963
 153.000       0.4282
 154.000       0.4302
 155.000       0.4072
 156.000       0.3586
 157.000       0.3902
 158.000       0.4699
 159.000       0.6219
 160.000       0.5842
 161.000       0.4244
 162.000       0.3808
 163.000       0.3503
 164.000       0.3741
 165.000       0.3842
 166.000       0.3714
 167.000       0.3816
 168.000       0.4268
 169.000       0.4251
 170.000       0.4444
 171.000       0.5417
 172.000       0.5069
 173.000       0.4674
 174.000       0.5338
 175.000       0.5976
 176.000       0.4826
 177.000       0.4028
 178.000       0.3876
 179.000       0.4014
 180.000       0.3185
 181.000       0.3132
 182.000       0.3174
 183.000       0.3291
 184.000       0.3919
 185.000       0.4353
 186.000       0.5081
 187.000       0.6044
 188.000       0.6631
 189.000       0.5468
 190.000       0.4676
 191.000       0.4710
 192.000       0.4944
 193.000       0.4308
 194.000       0.5521
 195.000       0.5777
 196.000       0.5518
 197.000       0.5191
 198.000       0.5344
 199.000       0.5222
 200.000       0.4083
 201.000       0.3650
 202.000       0.3599
 203.000       0.4019
 204.000       0.3924
 205.000       0.4421
 206.000       0.5033
 207.000       0.4843
 208.000       0.3716
 209.000       0.3665
 210.000       0.3723
 211.000       0.3962
 212.000       0.4009
 213.000       0.4448
 214.000       0.5111
 215.000       0.5630
 216.000       0.5930
 217.000       0.6707
 218.000       0.7668
 219.000       0.8933
 220.000       0.6644
 221.000       0.5924
 222.000       0.5046
 223.000       0.5808
 224.000       0.7181
 225.000       0.7221
 226.000       0.5676
 227.000       0.4687
 228.000       0.4594
 229.000       0.4854
 230.000       0.4853
 231.000       0.5387
 232.000       0.5385
 233.000       0.4426
 234.000       0.4319
 235.000       0.4412
 236.000       0.4006
 237.000       0.4299
 238.000       0.4368
 239.000       0.4123
 240.000       0.4196
 241.000       0.4943
 242.000       0.5509
 243.000       0.5411
 244.000       0.6889
 245.000       0.7480
 246.000       0.5767
 247.000       0.5071
 248.000       0.4487
 249.000       0.5799
 250.000       0.6729
 251.000       0.6884
 252.000       0.6000
 253.000       0.6317
 254.000       0.7640
 255.000       0.9323
 256.000       1.0025
 257.000       0.7921
 258.000       0.7197
 259.000       0.9346
 260.000       0.8541
 261.000       0.6500
 262.000       0.4957
 263.000       0.4707
 264.000       0.5698
 265.000       0.6638
 266.000       0.6014
 267.000       0.6895
 268.000       0.7965
 269.000       0.7715
 270.000       0.5934
 271.000       0.5878
 272.000       0.6887
 273.000       0.6450
 274.000       0.6052
 275.000       0.8857
 276.000       0.9912
 277.000       0.9188
 278.000       1.0461
 279.000       1.4086
 280.000       1.5215
 281.000       1.2910
 282.000       1.4821
 283.000       1.5478
 284.000       1.1735
 285.000       1.0934
 286.000       1.5286
 287.000       1.5128
 288.000       1.0624
 289.000       0.7791
 290.000       0.7421
 291.000       0.6058
 292.000       0.6321
 293.000       0.5286
 294.000       0.4454
 295.000       0.4619
 296.000       0.4882
 297.000       0.4438
 298.000       0.4618
 299.000       0.5625
 300.000       0.5217
 301.000       0.4769
 302.000       0.5444
 303.000       0.6019
 304.000       0.5037
 305.000       0.5289
 306.000       0.6698
 307.000       0.7651
 308.000       0.6619
 309.000       0.6394
 310.000       0.5476
 311.000       0.6166
 312.000       0.7751
 313.000       0.8041
 314.000       0.8412
 315.000       0.7866
 316.000       1.2193
