#Res        AtomicFlx
   1.000       0.7118
   2.000       0.7569
   3.000       1.2523
   4.000       1.3946
   5.000       0.8788
   6.000       0.5602
   7.000       0.5424
   8.000       0.6148
   9.000       0.5661
  10.000       0.6111
  11.000       0.6647
  12.000       0.6982
  13.000       0.6817
  14.000       0.7021
  15.000       0.6129
  16.000       0.5200
  17.000       0.6017
  18.000       0.6655
  19.000       0.5375
  20.000       0.4564
  21.000       0.4197
  22.000       0.4377
  23.000       0.4829
  24.000       0.6668
  25.000       0.6434
  26.000       0.6798
  27.000       0.6807
  28.000       0.7851
  29.000       0.7516
  30.000       0.7009
  31.000       0.6301
  32.000       0.4646
  33.000       0.3627
  34.000       0.3181
  35.000       0.3140
  36.000       0.3293
  37.000       0.3326
  38.000       0.3749
  39.000       0.6834
  40.000       0.6027
  41.000       0.5075
  42.000       0.5324
  43.000       0.5908
  44.000       0.6187
  45.000       0.6226
  46.000       0.7435
  47.000       0.7445
  48.000       0.4611
  49.000       0.4403
  50.000       0.4818
  51.000       0.4452
  52.000       0.4118
  53.000       0.3814
  54.000       0.4343
  55.000       0.4468
  56.000       0.4293
  57.000       0.4948
  58.000       0.5990
  59.000       0.5972
  60.000       0.6001
  61.000       0.4510
  62.000       0.3968
  63.000       0.3407
  64.000       0.3134
  65.000       0.3689
  66.000       0.4133
  67.000       0.5903
  68.000       0.7852
  69.000       0.7473
  70.000       0.6111
  71.000       0.7046
  72.000       0.6517
  73.000       0.4647
  74.000       0.4826
  75.000       0.3972
  76.000       0.3652
  77.000       0.3554
  78.000       0.3650
  79.000       0.3705
  80.000       0.3368
  81.000       0.3328
  82.000       0.3369
  83.000       0.3325
  84.000       0.3487
  85.000       0.3687
  86.000       0.3533
  87.000       0.3615
  88.000       0.4206
  89.000       0.4099
  90.000       0.3902
  91.000       0.4152
  92.000       0.5300
  93.000       0.6075
  94.000       0.6202
  95.000       0.6495
  96.000       0.6124
  97.000       0.5558
  98.000       0.4103
  99.000       0.3590
 100.000       0.3279
 101.000       0.3482
 102.000       0.3169
 103.000       0.3022
 104.000       0.3264
 105.000       0.3273
 106.000       0.3176
 107.000       0.3334
 108.000       0.3550
 109.000       0.3523
 110.000       0.3144
 111.000       0.3107
 112.000       0.3277
 113.000       0.3299
 114.000       0.3320
 115.000       0.3416
 116.000       0.3537
 117.000       0.3656
 118.000       0.3804
 119.000       0.4329
 120.000       0.4482
 121.000       0.3948
 122.000       0.4104
 123.000       0.4694
 124.000       0.3884
 125.000       0.3925
 126.000       0.3758
 127.000       0.3486
 128.000       0.3275
 129.000       0.3246
 130.000       0.3233
 131.000       0.3145
 132.000       0.3380
 133.000       0.3384
 134.000       0.3604
 135.000       0.3736
 136.000       0.3996
 137.000       0.4090
 138.000       0.4198
 139.000       0.5343
 140.000       0.6646
 141.000       0.9251
 142.000       1.7655
 143.000       2.3723
 144.000       2.7035
 145.000       2.7695
 146.000       2.4825
 147.000       2.4039
 148.000       1.7434
 149.000       0.8642
 150.000       0.6620
 151.000       0.5871
 152.000       0.5000
 153.000       0.4452
 154.000       0.4105
 155.000       0.3964
 156.000       0.3696
 157.000       0.3845
 158.000       0.4597
 159.000       0.5426
 160.000       0.5285
 161.000       0.4051
 162.000       0.3666
 163.000       0.3421
 164.000       0.3707
 165.000       0.3875
 166.000       0.3749
 167.000       0.3817
 168.000       0.4306
 169.000       0.4412
 170.000       0.4507
 171.000       0.5244
 172.000       0.4479
 173.000       0.4145
 174.000       0.4585
 175.000       0.4946
 176.000       0.4293
 177.000       0.3777
 178.000       0.3754
 179.000       0.3808
 180.000       0.3226
 181.000       0.3139
 182.000       0.3241
 183.000       0.3249
 184.000       0.3715
 185.000       0.4202
 186.000       0.4842
 187.000       0.5411
 188.000       0.6267
 189.000       0.5253
 190.000       0.4225
 191.000       0.4273
 192.000       0.4526
 193.000       0.3978
 194.000       0.5011
 195.000       0.5323
 196.000       0.5076
 197.000       0.4749
 198.000       0.4823
 199.000       0.4827
 200.000       0.3742
 201.000       0.3347
 202.000       0.3217
 203.000       0.3553
 204.000       0.3505
 205.000       0.4012
 206.000       0.4761
 207.000       0.4780
 208.000       0.3651
 209.000       0.3574
 210.000       0.3578
 211.000       0.3868
 212.000       0.4090
 213.000       0.4412
 214.000       0.4923
 215.000       0.5193
 216.000       0.5134
 217.000       0.6193
 218.000       0.7847
 219.000       0.8787
 220.000       0.6256
 221.000       0.5270
 222.000       0.4621
 223.000       0.5046
 224.000       0.5630
 225.000       0.5970
 226.000       0.4884
 227.000       0.4411
 228.000       0.4318
 229.000       0.4398
 230.000       0.4171
 231.000       0.4362
 232.000       0.4598
 233.000       0.4186
 234.000       0.4014
 235.000       0.4026
 236.000       0.3827
 237.000       0.3988
 238.000       0.3997
 239.000       0.3847
 240.000       0.3912
 241.000       0.4462
 242.000       0.4998
 243.000       0.4935
 244.000       0.6434
 245.000       0.7555
 246.000       0.5912
 247.000       0.5121
 248.000       0.4485
 249.000       0.5807
 250.000       0.6780
 251.000       0.7026
 252.000       0.6171
 253.000       0.6351
 254.000       0.7535
 255.000       0.8884
 256.000       0.9716
 257.000       0.7390
 258.000       0.6136
 259.000       0.6344
 260.000       0.5757
 261.000       0.5183
 262.000       0.4568
 263.000       0.4385
 264.000       0.5495
 265.000       0.6704
 266.000       0.6190
 267.000       0.7387
 268.000       0.8557
 269.000       0.8366
 270.000       0.6401
 271.000       0.6213
 272.000       0.7372
 273.000       0.6911
 274.000       0.6171
 275.000       0.8709
 276.000       1.1328
 277.000       1.1045
 278.000       1.2315
 279.000       1.4845
 280.000       1.5065
 281.000       1.3213
 282.000       1.0846
 283.000       1.0252
 284.000       0.8235
 285.000       0.8730
 286.000       1.0816
 287.000       1.1125
 288.000       0.8892
 289.000       0.7106
 290.000       0.7060
 291.000       0.5905
 292.000       0.5928
 293.000       0.4930
 294.000       0.4058
 295.000       0.4321
 296.000       0.4575
 297.000       0.4298
 298.000       0.4654
 299.000       0.5812
 300.000       0.5487
 301.000       0.4809
 302.000       0.5612
 303.000       0.6388
 304.000       0.5317
 305.000       0.5444
 306.000       0.6925
 307.000       0.7827
 308.000       0.6535
 309.000       0.6013
 310.000       0.4998
 311.000       0.5597
 312.000       0.6944
 313.000       0.7315
 314.000       0.8438
 315.000       0.8317
 316.000       1.3152
