#Res        AtomicFlx
   1.000       0.7135
   2.000       0.5956
   3.000       0.8170
   4.000       1.0516
   5.000       0.7767
   6.000       0.5364
   7.000       0.5240
   8.000       0.6019
   9.000       0.5495
  10.000       0.6054
  11.000       0.6522
  12.000       0.6722
  13.000       0.6666
  14.000       0.6848
  15.000       0.5945
  16.000       0.4896
  17.000       0.5647
  18.000       0.6290
  19.000       0.4903
  20.000       0.4195
  21.000       0.3764
  22.000       0.4081
  23.000       0.4528
  24.000       0.6279
  25.000       0.5996
  26.000       0.6426
  27.000       0.6489
  28.000       0.7181
  29.000       0.6491
  30.000       0.5970
  31.000       0.5779
  32.000       0.4432
  33.000       0.3496
  34.000       0.3117
  35.000       0.3089
  36.000       0.3248
  37.000       0.3282
  38.000       0.3331
  39.000       0.3497
  40.000       0.3263
  41.000       0.3504
  42.000       0.3588
  43.000       0.3799
  44.000       0.3887
  45.000       0.3723
  46.000       0.3949
  47.000       0.3629
  48.000       0.3463
  49.000       0.3810
  50.000       0.4216
  51.000       0.3771
  52.000       0.3628
  53.000       0.3500
  54.000       0.3956
  55.000       0.4010
  56.000       0.3978
  57.000       0.4548
  58.000       0.5399
  59.000       0.5572
  60.000       0.5655
  61.000       0.4316
  62.000       0.3801
  63.000       0.3337
  64.000       0.3050
  65.000       0.3449
  66.000       0.3640
  67.000       0.4010
  68.000       0.4421
  69.000       0.4670
  70.000       0.4321
  71.000       0.4006
  72.000       0.3516
  73.000       0.3367
  74.000       0.3678
  75.000       0.3475
  76.000       0.3345
  77.000       0.3423
  78.000       0.3541
  79.000       0.3436
  80.000       0.3281
  81.000       0.3268
  82.000       0.3227
  83.000       0.3188
  84.000       0.3392
  85.000       0.3570
  86.000       0.3376
  87.000       0.3506
  88.000       0.4178
  89.000       0.3988
  90.000       0.3738
  91.000       0.4025
  92.000       0.4940
  93.000       0.5106
  94.000       0.5051
  95.000       0.5803
  96.000       0.5575
  97.000       0.5245
  98.000       0.4054
  99.000       0.3306
 100.000       0.3283
 101.000       0.3577
 102.000       0.3236
 103.000       0.3120
 104.000       0.3224
 105.000       0.3099
 106.000       0.3112
 107.000       0.3190
 108.000       0.3581
 109.000       0.3669
 110.000       0.3202
 111.000       0.3128
 112.000       0.3207
 113.000       0.3246
 114.000       0.3288
 115.000       0.3318
 116.000       0.3426
 117.000       0.3518
 118.000       0.3670
 119.000       0.4191
 120.000       0.4422
 121.000       0.3904
 122.000       0.4030
 123.000       0.4582
 124.000       0.3839
 125.000       0.3922
 126.000       0.3729
 127.000       0.3453
 128.000       0.3354
 129.000       0.3200
 130.000       0.3189
 131.000       0.2979
 132.000       0.3122
 133.000       0.3206
 134.000       0.3436
 135.000       0.3802
 136.000       0.4063
 137.000       0.4029
 138.000       0.3966
 139.000       0.4760
 140.000       0.5566
 141.000       0.6925
 142.000       1.2013
 143.000       1.4434
 144.000       1.0328
 145.000       1.5142
 146.000       1.6786
 147.000       1.6792
 148.000       1.7142
 149.000       0.9005
 150.000       0.5110
 151.000       0.4345
 152.000       0.3868
 153.000       0.3682
 154.000       0.3586
 155.000       0.3493
 156.000       0.3371
 157.000       0.3448
 158.000       0.4477
 159.000       0.6682
 160.000       0.7391
 161.000       0.4130
 162.000       0.3572
 163.000       0.3356
 164.000       0.3649
 165.000       0.3762
 166.000       0.3615
 167.000       0.3720
 168.000       0.4118
 169.000       0.4065
 170.000       0.4229
 171.000       0.5074
 172.000       0.4445
 173.000       0.4121
 174.000       0.4313
 175.000       0.4387
 176.000       0.4210
 177.000       0.3960
 178.000       0.3749
 179.000       0.3766
 180.000       0.3219
 181.000       0.3021
 182.000       0.3059
 183.000       0.3029
 184.000       0.3425
 185.000       0.3939
 186.000       0.4614
 187.000       0.4953
 188.000       0.5442
 189.000       0.4600
 190.000       0.3766
 191.000       0.3945
 192.000       0.4354
 193.000       0.3805
 194.000       0.4802
 195.000       0.5140
 196.000       0.4953
 197.000       0.4770
 198.000       0.4908
 199.000       0.4812
 200.000       0.3672
 201.000       0.3274
 202.000       0.3169
 203.000       0.3634
 204.000       0.3670
 205.000       0.4271
 206.000       0.5102
 207.000       0.5075
 208.000       0.3926
 209.000       0.3643
 210.000       0.3599
 211.000       0.3737
 212.000       0.3825
 213.000       0.4266
 214.000       0.4861
 215.000       0.5060
 216.000       0.5334
 217.000       0.7597
 218.000       1.2580
 219.000       1.3849
 220.000       0.7186
 221.000       0.5570
 222.000       0.4588
 223.000       0.4590
 224.000       0.4854
 225.000       0.5254
 226.000       0.4560
 227.000       0.3653
 228.000       0.3419
 229.000       0.3554
 230.000       0.3657
 231.000       0.4046
 232.000       0.4061
 233.000       0.3652
 234.000       0.3658
 235.000       0.3746
 236.000       0.3598
 237.000       0.3848
 238.000       0.3868
 239.000       0.3721
 240.000       0.3796
 241.000       0.4457
 242.000       0.5067
 243.000       0.4968
 244.000       0.6247
 245.000       0.7168
 246.000       0.5671
 247.000       0.5038
 248.000       0.4387
 249.000       0.5572
 250.000       0.6972
 251.000       0.7531
 252.000       0.6588
 253.000       0.6886
 254.000       0.8057
 255.000       0.9454
 256.000       1.0323
 257.000       0.7895
 258.000       0.6302
 259.000       0.6553
 260.000       0.5966
 261.000       0.5394
 262.000       0.4601
 263.000       0.4350
 264.000       0.5290
 265.000       0.6243
 266.000       0.5764
 267.000       0.6625
 268.000       0.7615
 269.000       0.7421
 270.000       0.5713
 271.000       0.5504
 272.000       0.6165
 273.000       0.5692
 274.000       0.5169
 275.000       0.6755
 276.000       0.6759
 277.000       0.5364
 278.000       0.6459
 279.000       0.8445
 280.000       0.8364
 281.000       0.7625
 282.000       0.8841
 283.000       0.8503
 284.000       0.6136
 285.000       0.6713
 286.000       0.8572
 287.000       0.8213
 288.000       0.6684
 289.000       0.5825
 290.000       0.5797
 291.000       0.4911
 292.000       0.5089
 293.000       0.4371
 294.000       0.3758
 295.000       0.4031
 296.000       0.4763
 297.000       0.4213
 298.000       0.4366
 299.000       0.5353
 300.000       0.5130
 301.000       0.4669
 302.000       0.5226
 303.000       0.5851
 304.000       0.4925
 305.000       0.5267
 306.000       0.7054
 307.000       0.7674
 308.000       0.6333
 309.000       0.5858
 310.000       0.4903
 311.000       0.5580
 312.000       0.8001
 313.000       0.7697
 314.000       0.7938
 315.000       0.7773
 316.000       1.2465
