#Res        AtomicFlx
   1.000       0.7858
   2.000       0.7446
   3.000       1.1903
   4.000       1.4121
   5.000       0.9112
   6.000       0.5819
   7.000       0.5632
   8.000       0.6435
   9.000       0.5890
  10.000       0.6468
  11.000       0.6763
  12.000       0.7341
  13.000       0.6846
  14.000       0.7003
  15.000       0.6070
  16.000       0.5038
  17.000       0.5809
  18.000       0.6425
  19.000       0.5050
  20.000       0.4380
  21.000       0.4143
  22.000       0.4355
  23.000       0.4878
  24.000       0.6791
  25.000       0.6737
  26.000       0.7121
  27.000       0.6941
  28.000       0.7708
  29.000       0.6988
  30.000       0.6296
  31.000       0.6009
  32.000       0.4572
  33.000       0.3638
  34.000       0.3168
  35.000       0.3083
  36.000       0.3244
  37.000       0.3269
  38.000       0.3373
  39.000       0.3456
  40.000       0.3287
  41.000       0.3685
  42.000       0.3836
  43.000       0.4005
  44.000       0.4091
  45.000       0.3901
  46.000       0.4165
  47.000       0.3820
  48.000       0.3580
  49.000       0.3884
  50.000       0.4390
  51.000       0.3939
  52.000       0.3718
  53.000       0.3609
  54.000       0.4141
  55.000       0.4180
  56.000       0.4137
  57.000       0.4820
  58.000       0.5726
  59.000       0.5952
  60.000       0.5978
  61.000       0.4506
  62.000       0.3956
  63.000       0.3462
  64.000       0.3161
  65.000       0.3624
  66.000       0.3817
  67.000       0.4197
  68.000       0.4704
  69.000       0.5027
  70.000       0.4500
  71.000       0.4183
  72.000       0.3665
  73.000       0.3576
  74.000       0.4027
  75.000       0.3866
  76.000       0.3626
  77.000       0.3482
  78.000       0.3592
  79.000       0.3619
  80.000       0.3364
  81.000       0.3296
  82.000       0.3270
  83.000       0.3223
  84.000       0.3458
  85.000       0.3658
  86.000       0.3453
  87.000       0.3530
  88.000       0.4162
  89.000       0.4074
  90.000       0.3881
  91.000       0.4148
  92.000       0.5169
  93.000       0.5605
  94.000       0.5595
  95.000       0.6171
  96.000       0.5888
  97.000       0.5455
  98.000       0.4152
  99.000       0.3528
 100.000       0.3243
 101.000       0.3357
 102.000       0.3058
 103.000       0.3002
 104.000       0.3050
 105.000       0.3049
 106.000       0.3105
 107.000       0.3311
 108.000       0.3563
 109.000       0.3482
 110.000       0.3071
 111.000       0.3036
 112.000       0.3174
 113.000       0.3200
 114.000       0.3275
 115.000       0.3343
 116.000       0.3459
 117.000       0.3686
 118.000       0.3866
 119.000       0.4685
 120.000       0.5179
 121.000       0.4198
 122.000       0.4594
 123.000       0.4841
 124.000       0.3919
 125.000       0.3937
 126.000       0.3803
 127.000       0.3504
 128.000       0.3437
 129.000       0.3182
 130.000       0.3126
 131.000       0.2966
 132.000       0.3133
 133.000       0.3186
 134.000       0.3413
 135.000       0.3713
 136.000       0.3924
 137.000       0.3943
 138.000       0.3855
 139.000       0.4741
 140.000       0.5799
 141.000       0.8323
 142.000       1.4309
 143.000       1.5668
 144.000       1.0635
 145.000       1.4984
 146.000       1.7296
 147.000       1.4411
 148.000       1.2361
 149.000       0.7709
 150.000       0.5284
 151.000       0.4607
 152.000       0.4113
 153.000       0.3893
 154.000       0.3659
 155.000       0.3522
 156.000       0.3325
 157.000       0.3613
 158.000       0.4367
 159.000       0.5601
 160.000       0.5389
 161.000       0.3869
 162.000       0.3497
 163.000       0.3297
 164.000       0.3588
 165.000       0.3677
 166.000       0.3614
 167.000       0.3719
 168.000       0.4086
 169.000       0.4092
 170.000       0.4266
 171.000       0.5102
 172.000       0.4491
 173.000       0.4186
 174.000       0.4412
 175.000       0.4673
 176.000       0.4333
 177.000       0.3956
 178.000       0.3770
 179.000       0.3850
 180.000       0.3239
 181.000       0.3041
 182.000       0.3092
 183.000       0.3069
 184.000       0.3470
 185.000       0.3954
 186.000       0.4474
 187.000       0.4913
 188.000       0.5460
 189.000       0.4724
 190.000       0.3794
 191.000       0.3940
 192.000       0.4357
 193.000       0.3824
 194.000       0.5085
 195.000       0.5297
 196.000       0.5045
 197.000       0.4731
 198.000       0.4857
 199.000       0.4817
 200.000       0.3651
 201.000       0.3194
 202.000       0.3087
 203.000       0.3533
 204.000       0.3599
 205.000       0.4303
 206.000       0.5261
 207.000       0.5118
 208.000       0.3917
 209.000       0.3566
 210.000       0.3583
 211.000       0.3791
 212.000       0.3892
 213.000       0.4248
 214.000       0.4834
 215.000       0.5126
 216.000       0.5100
 217.000       0.6182
 218.000       0.7994
 219.000       0.8902
 220.000       0.6296
 221.000       0.5103
 222.000       0.4421
 223.000       0.4337
 224.000       0.4343
 225.000       0.4887
 226.000       0.4395
 227.000       0.3642
 228.000       0.3438
 229.000       0.3614
 230.000       0.3668
 231.000       0.4028
 232.000       0.4073
 233.000       0.3694
 234.000       0.3688
 235.000       0.3732
 236.000       0.3577
 237.000       0.3860
 238.000       0.3932
 239.000       0.3748
 240.000       0.3811
 241.000       0.4486
 242.000       0.5116
 243.000       0.4997
 244.000       0.6351
 245.000       0.7471
 246.000       0.5911
 247.000       0.5104
 248.000       0.4348
 249.000       0.5670
 250.000       0.6902
 251.000       0.7124
 252.000       0.6168
 253.000       0.6317
 254.000       0.7712
 255.000       0.9137
 256.000       0.9934
 257.000       0.7535
 258.000       0.6097
 259.000       0.6203
 260.000       0.5619
 261.000       0.5240
 262.000       0.4558
 263.000       0.4322
 264.000       0.5246
 265.000       0.6199
 266.000       0.5770
 267.000       0.6797
 268.000       0.7806
 269.000       0.7587
 270.000       0.5844
 271.000       0.5746
 272.000       0.6440
 273.000       0.5974
 274.000       0.5362
 275.000       0.6909
 276.000       0.7239
 277.000       0.5738
 278.000       0.6670
 279.000       0.8482
 280.000       0.8239
 281.000       0.8018
 282.000       1.0025
 283.000       0.9564
 284.000       0.6719
 285.000       0.7453
 286.000       0.9789
 287.000       0.9340
 288.000       0.7364
 289.000       0.6760
 290.000       0.6589
 291.000       0.5020
 292.000       0.5103
 293.000       0.4408
 294.000       0.3791
 295.000       0.4090
 296.000       0.4396
 297.000       0.4076
 298.000       0.4434
 299.000       0.5490
 300.000       0.5400
 301.000       0.4763
 302.000       0.5612
 303.000       0.6261
 304.000       0.5104
 305.000       0.5503
 306.000       0.8110
 307.000       0.8216
 308.000       0.6647
 309.000       0.6083
 310.000       0.4882
 311.000       0.5373
 312.000       0.6851
 313.000       0.7420
 314.000       0.8110
 315.000       0.8061
 316.000       1.2762
